0 1134 861 2365 1461 1494 2020 2266 2336 2342 2611 2809 2621 2579 2641 2438 2678 2117 3458 3671 3954 4150 3775 4834 5345 5434 5317 6108 6054 6529 5809 6331 5296 5476 4804 3957 4610 2935 7914 6948 6670 6582 6419 7368 7539 7450 3404 5225 2088
1134 0 1659 3230 546 1330 968 1204 1315 1437 1714 2002 1975 2188 2333 2254 2686 2499 3517 3600 3897 4208 4096 5021 5671 5730 5193 6138 6371 6721 6307 6989 5947 6215 5572 4649 5131 3479 8167 7071 6704 6469 6166 7090 7391 7391 4311 5671 1769
861 1659 0 1581 1721 1185 2285 2515 2524 2402 2630 2719 2412 2179 2175 1912 2008 1307 2719 2986 3251 3391 2939 4020 4497 4590 4612 5329 5204 5700 4947 5486 4448 4650 3986 3112 3748 2073 7068 6133 5883 5851 5757 6704 6811 6689 2657 4364 1716
2365 3230 1581 0 3202 2371 3721 3924 3889 3675 3838 3799 3392 2928 2806 2507 2221 1366 2485 2886 3041 2949 2146 3233 3440 3566 4224 4613 4101 4723 3636 4005 2993 3121 2444 1666 2484 1125 5938 5214 5106 5287 5416 6302 6209 5973 1083 3153 2638
1461 546 1721 3202 0 992 576 819 875 918 1197 1464 1431 1681 1842 1804 2281 2259 3101 3141 3438 3777 3762 4620 5310 5358 4701 5677 5999 6303 6010 6761 5729 6041 5424 4476 4862 3262 7756 6629 6240 5972 5644 6561 6883 6901 4281 5359 1304
1494 1330 1185 2371 992 0 1399 1575 1523 1308 1497 1542 1229 1085 1152 983 1360 1277 2192 2307 2603 2887 2782 3691 4347 4402 3936 4833 5044 5392 5021 5770 4740 5065 4462 3506 3870 2281 6836 5751 5401 5215 4982 5926 6157 6120 3418 4373 594
2020 968 2285 3721 576 1399 0 246 351 579 823 1166 1307 1735 1932 1984 2510 2668 3286 3251 3538 3923 4043 4800 5539 5570 4709 5741 6205 6437 6306 7120 6103 6450 5857 4898 5198 3667 7892 6721 6293 5952 5553 6438 6825 6890 4790 5645 1498
2266 1204 2515 3924 819 1575 246 0 176 516 698 1058 1279 1766 1971 2059 2595 2826 3344 3276 3557 3958 4136 4844 5601 5625 4680 5731 6255 6456 6396 7237 6231 6593 6013 5051 5310 3817 7907 6719 6276 5905 5478 6347 6760 6844 4986 5733 1594
2336 1315 2524 3889 875 1523 351 176 0 354 522 881 1114 1619 1826 1932 2470 2750 3203 3123 3401 3807 4012 4696 5460 5481 4510 5565 6108 6297 6268 7124 6125 6498 5928 4965 5196 3730 7747 6555 6109 5732 5302 6170 6584 6671 4941 5605 1482
2342 1437 2402 3675 918 1308 579 516 354 0 278 589 762 1267 1476 1595 2135 2476 2854 2768 3046 3453 3675 4343 5110 5129 4164 5214 5755 5943 5927 6796 5805 6190 5634 4670 4867 3438 7393 6203 5760 5394 4980 5861 6257 6333 4706 5263 1168
2611 1714 2630 3838 1197 1497 823 698 522 278 0 361 673 1240 1450 1618 2153 2590 2819 2692 2959 3382 3677 4277 5062 5072 4014 5082 5689 5839 5909 6809 5837 6241 5706 4746 4884 3522 7281 6077 5619 5224 4783 5648 6067 6162 4848 5246 1251
2809 2002 2719 3799 1464 1542 1166 1058 881 589 361 0 437 1014 1217 1433 1946 2493 2549 2389 2645 3079 3437 3974 4771 4773 3663 4736 5383 5508 5641 6568 5617 6041 5533 4580 4653 3375 6944 5734 5270 4865 4421 5289 5706 5803 4769 4981 1161
2621 1975 2412 3392 1431 1229 1307 1279 1114 762 673 437 0 581 789 995 1512 2069 2146 2023 2294 2712 3016 3605 4388 4399 3405 4451 5018 5185 5238 6149 5189 5608 5096 4142 4229 2938 6633 5440 4998 4644 4255 5155 5521 5582 4345 4576 759
2579 2188 2179 2928 1681 1085 1735 1766 1619 1267 1240 1014 581 0 211 438 931 1570 1588 1515 1803 2192 2438 3078 3842 3861 3022 4019 4489 4702 4671 5571 4607 5026 4520 3570 3648 2380 6157 4991 4578 4291 3980 4910 5205 5220 3829 4008 491
2641 2333 2175 2806 1842 1152 1932 1971 1826 1476 1450 1217 789 211 0 302 734 1441 1378 1321 1612 1991 2228 2873 3634 3654 2861 3840 4283 4507 4460 5361 4401 4824 4325 3379 3440 2202 5963 4805 4401 4136 3852 4790 5060 5061 3676 3797 577
2438 2254 1912 2507 1804 983 1984 2059 1932 1595 1618 1433 995 438 302 0 539 1143 1308 1345 1643 1973 2080 2828 3554 3588 2956 3884 4225 4500 4337 5201 4219 4623 4101 3146 3273 1946 5954 4827 4450 4236 4001 4946 5175 5147 3392 3674 501
2678 2686 2008 2221 2281 1360 2510 2595 2470 2135 2153 1946 1512 931 734 539 0 900 831 993 1276 1527 1542 2341 3038 3079 2639 3481 3719 4035 3801 4662 3684 4096 3590 2645 2734 1483 5483 4390 4048 3906 3756 4705 4861 4791 2998 3139 1012
2117 2499 1307 1366 2259 1277 2668 2826 2750 2476 2590 2493 2069 1570 1441 1143 900 0 1444 1765 2000 2094 1664 2719 3246 3327 3340 4022 3955 4411 3812 4506 3470 3787 3189 2229 2632 1004 5806 4833 4576 4558 4511 5449 5518 5384 2276 3185 1342
3458 3517 2719 2485 3101 2192 3286 3344 3203 2854 2819 2549 2146 1588 1378 1308 831 1444 0 417 568 700 938 1520 2257 2283 1897 2661 2918 3205 3093 4030 3123 3591 3189 2327 2145 1450 4656 3559 3228 3133 3067 4004 4093 3992 2985 2431 1808
3671 3600 2986 2886 3141 2307 3251 3276 3123 2768 2692 2389 2023 1515 1321 1345 993 1765 417 0 297 690 1280 1585 2385 2384 1646 2538 2996 3186 3288 4273 3416 3905 3544 2713 2442 1866 4642 3489 3104 2918 2770 3717 3870 3814 3402 2640 1838
3954 3897 3251 3041 3438 2603 3538 3557 3401 3046 2959 2645 2294 1803 1612 1643 1276 2000 568 297 0 457 1237 1337 2153 2140 1365 2241 2739 2899 3084 4094 3282 3787 3474 2695 2320 1974 4354 3194 2807 2630 2512 3455 3585 3520 3469 2450 2135
4150 4208 3391 2949 3777 2887 3923 3958 3807 3453 3382 3079 2712 2192 1991 1973 1527 2094 700 690 457 0 926 895 1700 1695 1284 1962 2307 2526 2627 3638 2844 3357 3081 2363 1896 1833 3982 2864 2528 2464 2477 3391 3424 3301 3233 1993 2474
3775 4096 2939 2146 3762 2782 4043 4136 4012 3675 3677 3437 3016 2438 2228 2080 1542 1664 938 1280 1237 926 0 1115 1585 1662 2119 2489 2293 2760 2262 3132 2192 2653 2264 1459 1218 1029 4142 3204 3010 3142 3296 4161 4071 3861 2311 1603 2546
4834 5021 4020 3233 4620 3691 4800 4844 4696 4343 4277 3974 3605 3078 2873 2828 2341 2719 1520 1585 1337 895 1115 0 825 803 1299 1380 1413 1707 1796 2845 2193 2728 2615 2149 1381 2135 3145 2113 1895 2074 2351 3136 2976 2748 3204 1220 3329
5345 5671 4497 3440 5310 4347 5539 5601 5460 5110 5062 4771 4388 3842 3634 3554 3038 3246 2257 2385 2153 1700 1585 825 0 151 1923 1471 709 1285 988 2052 1564 2090 2155 2010 1075 2460 2571 1788 1799 2253 2736 3344 2998 2661 3128 547 4047
5434 5730 4590 3566 5358 4402 5570 5625 5481 5129 5072 4773 4399 3861 3654 3588 3079 3327 2283 2384 2140 1695 1662 803 151 0 1817 1322 641 1156 1072 2138 1700 2222 2303 2157 1224 2568 2480 1653 1649 2103 2595 3194 2847 2513 3274 692 4084
5317 5193 4612 4224 4701 3936 4709 4680 4510 4164 4014 3663 3405 3022 2861 2956 2639 3340 1897 1646 1365 1284 2119 1299 1923 1817 0 1102 2176 1983 2886 3947 3449 3984 3913 3408 2681 3101 3334 2099 1609 1279 1194 2113 2225 2199 4403 2435 3424
6108 6138 5329 4613 5677 4833 5741 5731 5565 5214 5082 4736 4451 4019 3840 3884 3481 4022 2661 2538 2241 1962 2489 1380 1471 1322 1102 0 1352 924 2227 3215 2997 3499 3626 3406 2508 3514 2231 1000 567 781 1337 1873 1604 1374 4508 2011 4376
6054 6371 5204 4101 5999 5044 6205 6255 6108 5755 5689 5383 5018 4489 4283 4225 3719 3955 2918 2996 2739 2307 2293 1413 709 641 2176 1352 0 734 910 1863 1773 2225 2491 2577 1646 3157 1866 1244 1445 2070 2689 3103 2626 2226 3681 981 4722
6529 6721 5700 4723 6303 5392 6437 6456 6297 5943 5839 5508 5185 4702 4507 4500 4035 4411 3205 3186 2899 2526 2760 1707 1285 1156 1983 924 734 0 1620 2462 2503 2937 3225 3269 2329 3713 1456 516 774 1478 2166 2434 1907 1495 4383 1687 5001
5809 6307 4947 3636 6010 5021 6306 6396 6268 5927 5909 5641 5238 4671 4460 4337 3801 3812 3093 3288 3084 2627 2262 1796 988 1072 2886 2227 910 1620 0 1065 904 1318 1660 1990 1199 2879 2378 2105 2355 2971 3561 4013 3526 3112 3019 663 4808
6331 6989 5486 4005 6761 5770 7120 7237 7124 6796 6809 6568 6149 5571 5361 5201 4662 4506 4030 4273 4094 3638 3132 2845 2052 2138 3947 3215 1863 2462 1065 0 1043 946 1605 2374 1928 3511 2674 2865 3236 3914 4551 4894 4323 3876 3140 1646 5643
5296 5947 4448 2993 5729 4740 6103 6231 6125 5805 5837 5617 5189 4607 4401 4219 3684 3470 3123 3416 3282 2844 2192 2193 1564 1700 3449 2997 1773 2503 904 1043 0 536 763 1340 978 2472 3235 3000 3207 3769 4295 4841 4398 3998 2219 1022 4643
5476 6215 4650 3121 6041 5065 6450 6593 6498 6190 6241 6041 5608 5026 4824 4623 4096 3787 3591 3905 3787 3357 2653 2728 2090 2222 3984 3499 2225 2937 1318 946 536 0 680 1567 1466 2784 3489 3415 3670 4263 4811 5322 4844 4428 2205 1553 5022
4804 5572 3986 2444 5424 4462 5857 6013 5928 5634 5706 5533 5096 4520 4325 4101 3590 3189 3189 3544 3474 3081 2264 2615 2155 2303 3913 3626 2491 3225 1660 1605 763 680 0 963 1236 2197 3996 3732 3896 4407 4873 5495 5098 4714 1534 1615 4468
3957 4649 3112 1666 4476 3506 4898 5051 4965 4670 4746 4580 4142 3570 3379 3146 2645 2229 2327 2713 2695 2363 1459 2149 2010 2157 3408 3406 2577 3269 1990 2374 1340 1567 963 0 940 1234 4343 3783 3802 4167 4501 5255 4989 4670 1117 1596 3505
4610 5131 3748 2484 4862 3870 5198 5310 5196 4867 4884 4653 4229 3648 3440 3273 2734 2632 2145 2442 2320 1896 1218 1381 1075 1224 2681 2508 1646 2329 1199 1928 978 1466 1236 940 0 1681 3455 2843 2873 3283 3683 4376 4069 3737 2056 673 3716
2935 3479 2073 1125 3262 2281 3667 3817 3730 3438 3522 3375 2938 2380 2202 1946 1483 1004 1450 1866 1974 1833 1029 2135 2460 2568 3101 3514 3157 3713 2879 3511 2472 2784 2197 1234 1681 0 5024 4183 4026 4170 4292 5177 5100 4884 1557 2291 2276
7914 8167 7068 5938 7756 6836 7892 7907 7747 7393 7281 6944 6633 6157 5963 5954 5483 5806 4656 4642 4354 3982 4142 3145 2571 2480 3334 2231 1866 1456 2378 2674 3235 3489 3996 4343 3455 5024 0 1237 1766 2410 3114 2915 2195 1762 5397 2784 6456
6948 7071 6133 5214 6629 5751 6721 6719 6555 6203 6077 5734 5440 4991 4805 4827 4390 4833 3559 3489 3194 2864 3204 2113 1788 1653 2099 1000 1244 516 2105 2865 3000 3415 3732 3783 2843 4183 1237 0 548 1258 1978 2057 1457 1018 4898 2204 5325
6670 6704 5883 5106 6240 5401 6293 6276 6109 5760 5619 5270 4998 4578 4401 4450 4048 4576 3228 3104 2807 2528 3010 1895 1799 1649 1609 567 1445 774 2355 3236 3207 3670 3896 3802 2873 4026 1766 548 0 729 1444 1665 1204 873 4917 2297 4941
6582 6469 5851 5287 5972 5215 5952 5905 5732 5394 5224 4865 4644 4291 4136 4236 3906 4558 3133 2918 2630 2464 3142 2074 2253 2103 1279 781 2070 1478 2971 3914 3769 4263 4407 4167 3283 4170 2410 1258 729 0 720 1094 960 938 5257 2792 4702
6419 6166 5757 5416 5644 4982 5553 5478 5302 4980 4783 4421 4255 3980 3852 4001 3756 4511 3067 2770 2512 2477 3296 2351 2736 2595 1194 1337 2689 2166 3561 4551 4295 4811 4873 4501 3683 4292 3114 1978 1444 720 0 949 1294 1494 5543 3283 4430
7368 7090 6704 6302 6561 5926 6438 6347 6170 5861 5648 5289 5155 4910 4790 4946 4705 5449 4004 3717 3455 3391 4161 3136 3344 3194 2113 1873 3103 2434 4013 4894 4841 5322 5495 5255 4376 5177 2915 2057 1665 1094 949 0 726 1156 6336 3879 5367
7539 7391 6811 6209 6883 6157 6825 6760 6584 6257 6067 5706 5521 5205 5060 5175 4861 5518 4093 3870 3585 3424 4071 2976 2998 2847 2225 1604 2626 1907 3526 4323 4398 4844 5098 4989 4069 5100 2195 1457 1204 960 1294 726 0 461 6099 3501 5632
7450 7391 6689 5973 6901 6120 6890 6844 6671 6333 6162 5803 5582 5220 5061 5147 4791 5384 3992 3814 3520 3301 3861 2748 2661 2513 2199 1374 2226 1495 3112 3876 3998 4428 4714 4670 3737 4884 1762 1018 873 938 1494 1156 461 0 5786 3139 5622
3404 4311 2657 1083 4281 3418 4790 4986 4941 4706 4848 4769 4345 3829 3676 3392 2998 2276 2985 3402 3469 3233 2311 3204 3128 3274 4403 4508 3681 4383 3019 3140 2219 2205 1534 1117 2056 1557 5397 4898 4917 5257 5543 6336 6099 5786 0 2701 3613
5225 5671 4364 3153 5359 4373 5645 5733 5605 5263 5246 4981 4576 4008 3797 3674 3139 3185 2431 2640 2450 1993 1603 1220 547 692 2435 2011 981 1687 663 1646 1022 1553 1615 1596 673 2291 2784 2204 2297 2792 3283 3879 3501 3139 2701 0 4147
2088 1769 1716 2638 1304 594 1498 1594 1482 1168 1251 1161 759 491 577 501 1012 1342 1808 1838 2135 2474 2546 3329 4047 4084 3424 4376 4722 5001 4808 5643 4643 5022 4468 3505 3716 2276 6456 5325 4941 4702 4430 5367 5632 5622 3613 4147 0
