0 521 979 1734 904 795 543 1989 2901 2988 2525 2199 1995 1596 1009 743 654 4357 3224 2698 1844 2140 2865 3074 2314 4701 6028 5545 5557 5364 4768 6584 6208 7278 6983 7105 7788 8224 8710 9627 9392 8877 7714 8180 7203 6761 7513 3351
521 0 505 1410 476 463 221 1469 2383 2524 2061 1718 1510 1123 960 757 841 4148 2995 2506 1728 2120 2800 3082 2444 4600 5743 5167 5476 5320 4974 6766 6161 7257 6997 7159 7779 8148 8643 9554 9458 9053 7850 8388 7506 7073 7877 3642
979 505 0 972 662 780 672 1129 2036 2022 1558 1222 1017 621 875 807 1009 3740 2585 2133 1457 1914 2525 2863 2365 4264 5283 4671 5149 5024 4912 6661 5856 6966 6735 6931 7494 7809 8308 9212 9226 8927 7691 8298 7528 7106 7970 3690
1734 1410 972 0 1630 1752 1614 1526 2219 1467 1071 939 870 694 921 1117 1361 2768 1614 1186 761 1256 1688 2096 1884 3327 4333 3813 4213 4115 4318 5967 4934 6050 5849 6078 6583 6858 7359 8258 8355 8180 6914 7605 7016 6623 7576 3339
904 476 662 1630 0 183 361 1179 2057 2480 2032 1666 1456 1141 1393 1218 1317 4397 3244 2795 2093 2523 3168 3483 2897 4925 5906 5226 5809 5677 5437 7219 6512 7619 7379 7561 8146 8471 8970 9875 9859 9502 8285 8846 7982 7549 8352 4118
795 463 780 1752 183 0 276 1358 2226 2658 2206 1842 1631 1304 1420 1219 1283 4519 3364 2900 2164 2574 3239 3536 2907 5019 6053 5393 5900 5756 5433 7228 6595 7697 7445 7615 8221 8567 9065 9973 9914 9516 8313 8848 7946 7509 8290 4081
543 221 672 1614 361 276 0 1490 2390 2660 2200 1846 1635 1268 1174 958 1009 4363 3209 2724 1950 2338 3021 3299 2644 4821 5944 5342 5698 5541 5163 6962 6383 7478 7215 7375 7999 8369 8864 9776 9673 9252 8055 8579 7669 7233 8016 3805
1989 1469 1129 1526 1179 1358 1490 0 916 1548 1196 877 757 845 1949 1929 2138 3972 2902 2621 2262 2761 3203 3622 3333 4699 5208 4341 5573 5530 5831 7493 6314 7431 7277 7541 7965 8131 8632 9496 9786 9694 8421 9130 8512 8106 9019 4738
2901 2383 2036 2219 2057 2226 2390 916 0 1526 1432 1318 1349 1632 2814 2824 3043 4183 3261 3123 2981 3472 3784 4236 4099 5029 5107 4069 5860 5883 6511 8073 6605 7698 7612 7928 8225 8263 8752 9563 10084 10182 8894 9687 9223 8837 9796 5542
2988 2524 2022 1467 2480 2658 2660 1548 1526 0 463 816 1028 1400 2370 2526 2778 2660 1819 1835 2078 2479 2538 3006 3164 3529 3680 2798 4343 4386 5290 6699 5087 6174 6100 6430 6699 6746 7239 8067 8560 8718 7432 8275 7992 7646 8675 4611
2525 2061 1558 1071 2032 2206 2200 1196 1432 463 0 368 575 937 1944 2083 2335 2819 1833 1707 1758 2203 2390 2853 2878 3617 4016 3211 4468 4468 5145 6652 5214 6320 6206 6508 6852 6965 7464 8316 8698 8750 7463 8259 7861 7494 8495 4339
2199 1718 1222 939 1666 1842 1846 877 1318 816 368 0 211 603 1717 1821 2071 3096 2046 1827 1689 2170 2470 2918 2819 3845 4365 3579 4712 4686 5193 6768 5456 6570 6432 6713 7103 7255 7755 8619 8935 8916 7633 8392 7906 7523 8497 4277
1995 1510 1017 870 1456 1631 1635 757 1349 1028 575 211 0 405 1566 1650 1896 3226 2144 1874 1632 2124 2486 2922 2752 3941 4545 3781 4816 4773 5176 6788 5556 6673 6520 6788 7208 7385 7887 8758 9028 8962 7683 8418 7881 7490 8446 4201
1596 1123 621 694 1141 1304 1268 845 1632 1400 937 603 405 0 1197 1256 1500 3342 2211 1849 1417 1916 2383 2788 2497 3977 4776 4090 4862 4783 4986 6657 5591 6710 6524 6763 7244 7480 7982 8870 9033 8874 7608 8295 7669 7266 8192 3920
1009 960 875 921 1393 1420 1174 1949 2814 2370 1944 1717 1566 1197 0 266 461 3354 2234 1698 835 1167 1872 2126 1508 3700 5054 4667 4564 4387 4056 5827 5231 6317 6045 6200 6834 7235 7726 8641 8498 8108 6895 7457 6653 6231 7098 2816
743 757 807 1117 1218 1219 958 1929 2824 2526 2083 1821 1650 1256 266 0 252 3620 2498 1964 1101 1413 2129 2364 1688 3961 5315 4904 4821 4638 4219 6009 5483 6563 6283 6428 7078 7491 7980 8896 8724 8296 7096 7631 6776 6347 7183 2918
654 841 1009 1361 1317 1283 1009 2138 3043 2778 2335 2071 1896 1500 461 252 0 3782 2679 2136 1257 1498 2231 2422 1668 4070 5502 5128 4917 4716 4159 5965 5560 6625 6328 6452 7134 7579 8063 8980 8742 8258 7079 7576 6666 6232 7040 2801
4357 4148 3740 2768 4397 4519 4363 3972 4183 2660 2819 3096 3226 3342 3354 3620 3782 0 1155 1658 2526 2387 1706 1867 2740 965 1799 2047 1690 1786 3418 4327 2429 3515 3449 3803 4042 4159 4660 5535 5900 6129 4858 5777 5845 5597 6687 3606
3224 2995 2585 1614 3244 3364 3209 2902 3261 1819 1833 2046 2144 2211 2234 2498 2679 1155 0 550 1431 1430 978 1384 1974 1799 2823 2622 2671 2641 3552 4881 3412 4528 4385 4676 5063 5269 5771 6660 6889 6923 5635 6458 6216 5893 6952 3203
2698 2506 2133 1186 2795 2900 2724 2621 3123 1835 1707 1827 1874 1849 1698 1964 2136 1658 550 0 883 913 703 1171 1524 2140 3370 3145 3027 2934 3457 4950 3748 4865 4675 4923 5398 5677 6177 7079 7184 7091 5810 6567 6167 5813 6840 2870
1844 1728 1457 761 2093 2164 1950 2262 2981 2078 1758 1689 1632 1417 835 1101 1257 2526 1431 883 0 499 1076 1410 1129 2877 4253 3970 3749 3593 3569 5253 4433 5533 5286 5474 6057 6422 6916 7828 7770 7495 6246 6893 6259 5863 6815 2590
2140 2120 1914 1256 2523 2574 2338 2761 3472 2479 2203 2170 2124 1916 1167 1413 1498 2387 1430 913 499 0 737 961 685 2574 4172 4050 3418 3226 3069 4764 4070 5150 4877 5041 5667 6083 6570 7487 7339 7017 5777 6403 5761 5367 6327 2137
2865 2800 2525 1688 3168 3239 3021 3203 3784 2538 2390 2470 2486 2383 1872 2129 2231 1706 978 703 1076 737 0 468 1053 1838 3505 3532 2692 2520 2759 4302 3362 4457 4211 4410 4981 5363 5853 6768 6701 6492 5225 5933 5472 5113 6137 2229
3074 3082 2863 2096 3483 3536 3299 3622 4236 3006 2853 2918 2922 2788 2126 2364 2422 1867 1384 1171 1410 961 468 0 939 1745 3642 3820 2529 2299 2293 3871 3141 4204 3919 4079 4715 5167 5646 6563 6378 6091 4837 5508 5008 4646 5669 1837
2314 2444 2365 1884 2897 2907 2644 3333 4099 3164 2878 2819 2752 2497 1508 1688 1668 2740 1974 1524 1129 685 1053 939 0 2682 4537 4576 3440 3180 2548 4322 4009 5027 4699 4797 5519 6036 6503 7416 7079 6608 5413 5949 5183 4773 5699 1462
4701 4600 4264 3327 4925 5019 4821 4699 5029 3529 3617 3845 3941 3977 3700 3961 4070 965 1799 2140 2877 2574 1838 1745 2682 0 2162 2826 886 856 2601 3363 1616 2735 2589 2901 3269 3549 4046 4955 5089 5200 3920 4820 4899 4671 5761 3135
6028 5743 5283 4333 5906 6053 5944 5208 5107 3680 4016 4365 4545 4776 5054 5315 5502 1799 2823 3370 4253 4172 3505 3642 4537 2162 0 1256 2124 2475 4699 4959 2529 3228 3421 3878 3642 3344 3787 4506 5407 6117 5010 6028 6605 6483 7537 5270
5545 5167 4671 3813 5226 5393 5342 4341 4069 2798 3211 3579 3781 4090 4667 4904 5128 2047 2622 3145 3970 4050 3532 3820 4576 2826 1256 0 3119 3407 5417 6008 3663 4462 4617 5064 4891 4592 5022 5698 6663 7346 6198 7207 7629 7449 8531 5627
5557 5476 5149 4213 5809 5900 5698 5573 5860 4343 4468 4712 4816 4862 4564 4821 4917 1690 2671 3027 3749 3418 2692 2529 3440 886 2124 3119 0 385 2670 2889 745 1857 1759 2122 2391 2672 3166 4079 4230 4461 3211 4174 4518 4368 5435 3602
5364 5320 5024 4115 5677 5756 5541 5530 5883 4386 4468 4686 4773 4783 4387 4638 4716 1786 2641 2934 3593 3226 2520 2299 3180 856 2475 3407 385 0 2286 2618 844 1941 1747 2045 2470 2867 3347 4264 4256 4349 3073 3996 4222 4048 5125 3243
4768 4974 4912 4318 5437 5433 5163 5831 6511 5290 5145 5193 5176 4986 4056 4219 4159 3418 3552 3457 3569 3069 2759 2293 2548 2601 4699 5417 2670 2286 0 1823 2734 3313 2860 2738 3661 4428 4784 5610 4817 4112 3011 3416 2716 2356 3400 1546
6584 6766 6661 5967 7219 7228 6962 7493 8073 6699 6652 6768 6788 6657 5827 6009 5965 4327 4881 4950 5253 4764 4302 3871 4322 3363 4959 6008 2889 2618 1823 0 2451 2319 1870 1491 2417 3296 3500 4174 3082 2293 1232 1640 1648 1596 2589 3343
6208 6161 5856 4934 6512 6595 6383 6314 6605 5087 5214 5456 5556 5591 5231 5483 5560 2429 3412 3748 4433 4070 3362 3141 4009 1616 2529 3663 745 844 2734 2451 0 1118 1028 1428 1652 2028 2504 3421 3484 3767 2551 3548 4099 4020 5041 3927
7278 7257 6966 6050 7619 7697 7478 7431 7698 6174 6320 6570 6673 6710 6317 6563 6625 3515 4528 4865 5533 5150 4457 4204 5027 2735 3228 4462 1857 1941 3313 2319 1118 0 474 843 534 1114 1509 2402 2386 2889 1857 2871 3831 3886 4766 4719
6983 6997 6735 5849 7379 7445 7215 7277 7612 6100 6206 6432 6520 6524 6045 6283 6328 3449 4385 4675 5286 4877 4211 3919 4699 2589 3421 4617 1759 1747 2860 1870 1028 474 0 464 833 1573 1929 2791 2510 2752 1588 2608 3427 3453 4371 4297
7105 7159 6931 6078 7561 7615 7375 7541 7928 6430 6508 6713 6788 6763 6200 6428 6452 3803 4676 4923 5474 5041 4410 4079 4797 2901 3878 5064 2122 2045 2738 1491 1428 843 464 0 962 1821 2088 2875 2298 2341 1134 2150 2990 3043 3929 4240
7788 7779 7494 6583 8146 8221 7999 7965 8225 6699 6852 7103 7208 7244 6834 7078 7134 4042 5063 5398 6057 5667 4981 4715 5519 3269 3642 4891 2391 2470 3661 2417 1652 534 833 962 0 881 1130 1962 1864 2519 1672 2631 3783 3903 4690 5123
8224 8148 7809 6858 8471 8567 8369 8131 8263 6746 6965 7255 7385 7480 7235 7491 7579 4159 5269 5677 6422 6083 5363 5167 6036 3549 3344 4592 2672 2867 4428 3296 2028 1114 1573 1821 881 0 501 1406 2102 3145 2506 3402 4647 4781 5538 5823
8710 8643 8308 7359 8970 9065 8864 8632 8752 7239 7464 7755 7887 7982 7726 7980 8063 4660 5771 6177 6916 6570 5853 5646 6503 4046 3787 5022 3166 3347 4784 3500 2504 1509 1929 2088 1130 501 0 916 1772 2983 2561 3356 4718 4900 5570 6223
9627 9554 9212 8258 9875 9973 9776 9496 9563 8067 8316 8619 8758 8870 8641 8896 8980 5535 6660 7079 7828 7487 6768 6563 7416 4955 4506 5698 4079 4264 5610 4174 3421 2402 2791 2875 1962 1406 916 0 1689 3125 3082 3677 5176 5425 5943 7085
9392 9458 9226 8355 9859 9914 9673 9786 10084 8560 8698 8935 9028 9033 8498 8724 8742 5900 6889 7184 7770 7339 6701 6378 7079 5089 5407 6663 4230 4256 4817 3082 3484 2386 2510 2298 1864 2102 1772 1689 0 1459 1850 2111 3676 3996 4348 6363
8877 9053 8927 8180 9502 9516 9252 9694 10182 8718 8750 8916 8962 8874 8108 8296 8258 6129 6923 7091 7495 7017 6492 6091 6608 5200 6117 7346 4461 4349 4112 2293 3767 2889 2752 2341 2519 3145 2983 3125 1459 0 1287 790 2327 2706 2907 5604
7714 7850 7691 6914 8285 8313 8055 8421 8894 7432 7463 7633 7683 7608 6895 7096 7079 4858 5635 5810 6246 5777 5225 4837 5413 3920 5010 6198 3211 3073 3011 1232 2551 1857 1588 1134 1672 2506 2561 3082 1850 1287 0 1021 2158 2354 3032 4551
8180 8388 8298 7605 8846 8848 8579 9130 9687 8275 8259 8392 8418 8295 7457 7631 7576 5777 6458 6567 6893 6403 5933 5508 5949 4820 6028 7207 4174 3996 3416 1640 3548 2871 2608 2150 2631 3402 3356 3677 2111 790 1021 0 1572 1927 2265 4869
7203 7506 7528 7016 7982 7946 7669 8512 9223 7992 7861 7906 7881 7669 6653 6776 6666 5845 6216 6167 6259 5761 5472 5008 5183 4899 6605 7629 4518 4222 2716 1648 4099 3831 3427 2990 3783 4647 4718 5176 3676 2327 2158 1572 0 450 947 3864
6761 7073 7106 6623 7549 7509 7233 8106 8837 7646 7494 7523 7490 7266 6231 6347 6232 5597 5893 5813 5863 5367 5113 4646 4773 4671 6483 7449 4368 4048 2356 1596 4020 3886 3453 3043 3903 4781 4900 5425 3996 2706 2354 1927 450 0 1090 3431
7513 7877 7970 7576 8352 8290 8016 9019 9796 8675 8495 8497 8446 8192 7098 7183 7040 6687 6952 6840 6815 6327 6137 5669 5699 5761 7537 8531 5435 5125 3400 2589 5041 4766 4371 3929 4690 5538 5570 5943 4348 2907 3032 2265 947 1090 0 4284
3351 3642 3690 3339 4118 4081 3805 4738 5542 4611 4339 4277 4201 3920 2816 2918 2801 3606 3203 2870 2590 2137 2229 1837 1462 3135 5270 5627 3602 3243 1546 3343 3927 4719 4297 4240 5123 5823 6223 7085 6363 5604 4551 4869 3864 3431 4284 0
