0 2663 4726 3681 4974 5282 2279 7718 6981 11386 13766 16062 16799 21095 22506 13804 14443 15339 16070 15575 21058 20387 13360 11220 13040 12803 13661 7768 6024 6145 22206 23206 17444 15281 12983 13559 10038 10554 7656 10925
2663 0 5003 6234 6386 7873 4686 9873 9618 14048 16429 18700 19222 23603 24868 16008 17006 17699 18341 17312 22748 22484 14567 12691 14538 14475 15033 9641 7099 8177 23572 23617 17646 13542 11245 12683 8923 8399 7022 11494
4726 5003 0 5373 9665 8512 4207 11789 9656 12921 15409 16864 16124 20732 21439 12388 14627 14441 14804 12838 18146 18461 9683 8046 9866 9992 10246 5801 2467 4955 18710 18700 12817 11702 9527 9063 5917 8218 3260 6500
3681 6234 5373 0 6287 3291 1604 6887 4284 8015 10476 12506 13134 17415 18861 10304 10777 11707 12496 12572 18029 16940 11142 8743 10431 9963 11200 4949 4984 3269 19548 21763 16444 17057 14850 14230 11286 13095 8611 9801
4974 6386 9665 6287 0 4654 6061 4127 6282 10952 12847 15862 18061 21771 23820 16012 15066 16934 17947 18763 24169 22621 17391 15022 16718 16227 17484 11237 10567 9553 25818 27782 22190 19903 17600 18520 14938 14765 12623 15568
5282 7873 8512 3291 4654 0 4335 3688 1845 6589 8773 11488 13407 17192 19171 11480 10459 12291 13329 14569 19856 18037 13880 11397 12911 12249 13771 7612 8268 6114 21772 24741 19601 20066 17813 17485 14415 15714 11773 12996
2279 4686 4207 1604 6061 4335 0 7604 5668 9611 12065 14104 14566 18918 20252 11525 12325 13081 13794 13394 18879 18111 11462 9200 10984 10665 11665 5594 4528 3927 20161 21720 16169 15740 13498 13251 10085 11579 7461 9526
7718 9873 11789 6887 4127 3688 7604 0 4095 7853 9306 12571 15613 18798 21213 14421 12335 14793 15970 17897 23025 20740 17515 15022 16470 15741 17356 11269 11861 9801 25153 28418 23283 22987 20694 20849 17571 18205 15014 16665
6981 9618 9656 4284 6282 1845 5668 4095 0 4760 6930 9672 11876 15489 17599 10354 8793 10889 12008 13814 18931 16765 13683 11185 12521 11734 13433 7575 8976 6344 21076 24689 19840 21339 19124 18412 15565 17229 12885 13370
11386 14048 12921 8015 10952 6589 9611 7853 4760 0 2489 4919 7951 10956 13397 7940 4560 7477 8779 12177 16532 13449 13576 11293 12014 10975 12981 8720 11454 8351 19235 24443 20489 24467 22384 20784 18549 21007 15893 14697
13766 16429 15409 10476 12847 8773 12065 9306 6930 2489 0 3427 7877 9837 12698 9079 4585 7957 9287 13462 17249 13624 15433 13286 13781 12690 14734 11039 13900 10792 20210 26071 22467 26932 24861 23162 21011 23495 18363 16924
16062 18700 16864 12506 15862 11488 14104 12571 9672 4919 3427 0 5147 6411 9350 7704 2819 5852 7062 11958 14891 10822 14791 13013 13041 11915 13928 11710 14983 11955 18089 24784 21896 27945 26014 23720 22058 25080 19521 17085
16799 19222 16124 13134 18061 13407 14566 15613 11876 7951 7877 5147 0 4655 5778 4145 3424 1755 2283 7526 9759 5757 11199 10084 9469 8418 10192 10352 13826 11304 13016 20189 18066 26015 24349 21265 20380 24129 18136 14402
21095 23603 20732 17415 21771 17192 18918 18798 15489 10956 9837 6411 4655 0 3400 8743 6746 6402 6531 11415 11780 7036 15493 14632 13826 12843 14445 14985 18464 15859 15256 23369 22066 30628 28991 25805 25027 28776 22791 18944
22506 24868 21439 18861 23820 19171 20252 21213 17599 13397 12698 9350 5778 3400 0 9051 8878 7171 6635 10389 9282 4717 14751 14442 13262 12452 13684 15645 19040 16803 12708 21230 20731 30414 28972 25362 25091 29180 23089 18615
13804 16008 12388 10304 16012 11480 11525 14421 10354 7940 9079 7704 4145 8743 9051 0 4933 2409 2417 4388 8700 6648 7244 5942 5483 4382 6304 6599 9992 7846 11295 17141 14284 21887 20257 17120 16302 20198 14142 10259
14443 17006 14627 10777 15066 10459 12325 12335 8793 4560 4585 2819 3424 6746 8878 4933 0 3395 4715 9262 12682 9091 11972 10219 10222 9097 11113 9195 12583 9672 15715 22065 19077 25407 23541 21046 19564 22829 17095 14344
15339 17699 14441 11707 16934 12291 13081 14793 10889 7477 7957 5852 1755 6402 7171 2409 3395 0 1333 6183 9293 5995 9574 8351 7825 6748 8594 8651 12116 9679 12331 18990 16535 24260 22594 19525 18626 22404 16395 12666
16070 18341 14804 12496 17947 13329 13794 15970 12008 8779 9287 7062 2283 6531 6635 2417 4715 1333 0 5242 7967 4770 9015 8121 7316 6314 7986 9010 12410 10210 11048 17941 15806 24150 22577 19279 18641 22600 16531 12422
15575 17312 12838 12572 18763 14569 13394 17897 13814 12177 13462 11958 7526 11415 10389 4388 9262 6183 5242 0 5484 6194 4398 4832 3162 2851 3344 7809 10396 9469 7266 12826 10656 20192 18925 15043 15202 19647 13597 8476
21058 22748 18146 18029 24169 19856 18879 23025 18931 16532 17249 14891 9759 11780 9282 8700 12682 9293 7967 5484 0 4746 8810 10105 8279 8280 8002 13293 15747 14952 3476 12011 12583 24072 23152 18780 19731 24385 18508 12987
20387 22484 18461 16940 22621 18037 18111 20740 16765 13449 13624 10822 5757 7036 4717 6648 9091 5995 4770 6194 4746 0 10574 10785 9305 8717 9533 12873 15995 14315 8222 16548 16114 26381 25113 21206 21357 25713 19619 14664
13360 14567 9683 11142 17391 13880 11462 17515 13683 13576 15433 14791 11199 15493 14751 7244 11972 9574 9015 4398 8810 10574 0 2499 1762 2881 1067 6276 7479 7885 9027 11043 7109 15808 14607 10644 10998 15592 9703 4217
11220 12691 8046 8743 15022 11397 9200 15022 11185 11293 13286 13013 10084 14632 14442 5942 10219 8351 8121 4832 10105 10785 2499 0 1846 2068 2468 3819 5642 5473 10986 13522 9199 16036 14531 11182 10659 14928 8836 4318
13040 14538 9866 10431 16718 12911 10984 16470 12521 12014 13781 13041 9469 13826 13262 5483 10222 7825 7316 3162 8279 9305 1762 1846 0 1125 0 5481 7482 7173 9177 12452 8854 17165 15818 12107 12055 16485 10443 5380
12803 14475 9992 9963 16227 12249 10665 15741 11734 10975 12690 11915 8418 12843 12452 4382 9097 6748 6314 2851 8280 8717 2881 2068 1125 0 2048 5075 7545 6767 9591 13468 9980 17969 16532 12996 12694 16995 10904 6175
13661 15033 10246 11200 17484 13771 11665 17356 13433 12981 14734 13928 10192 14445 13684 6304 11113 8594 7986 3344 8002 9533 1067 2468 0 2048 0 6258 7937 7931 8559 11485 7983 16849 15611 11703 11948 16489 10528 5179
7768 9641 5801 4949 11237 7612 5594 11269 7575 8720 11039 11710 10352 14985 15645 6599 9195 8651 9010 7809 13293 12873 6276 3819 5481 5075 6258 0 3479 1698 14622 17160 12298 16237 14346 12143 10371 13799 7916 6042
6024 7099 2467 4984 10567 8268 4528 11861 8976 11454 13900 14983 13826 18464 19040 9992 12583 12116 12410 10396 15747 15995 7479 5642 7482 7545 7937 3479 0 3109 16473 17241 11640 13047 11043 9490 7125 10321 4538 5001
6145 8177 4955 3269 9553 6114 3927 9801 6344 8351 10792 11955 11304 15859 16803 7846 9672 9679 10210 9469 14952 14315 7885 5473 7173 6767 7931 1698 3109 0 16320 18633 13538 16154 14128 12490 10231 13162 7614 7026
22206 23572 18710 19548 25818 21772 20161 25153 21076 19235 20210 18089 13016 15256 12708 11295 15715 12331 11048 7266 3476 8222 9027 10986 9177 9591 8559 14622 16473 16320 0 8838 10633 22880 22274 17631 19227 23987 18460 12797
23206 23617 18700 21763 27782 24741 21720 28418 24689 24443 26071 24784 20189 23369 21230 17141 22065 18990 17941 12826 12011 16548 11043 13522 12452 13468 11485 17160 17241 18633 8838 0 6093 17855 18108 13369 16421 20884 16952 12280
17444 17646 12817 16444 22190 19601 16169 23283 19840 20489 22467 21896 18066 22066 20731 14284 19077 16535 15806 10656 12583 16114 7109 9199 8854 9980 7983 12298 11640 13538 10633 6093 0 12586 12433 7618 10372 14940 10878 6656
15281 13542 11702 17057 19903 20066 15740 22987 21339 24467 26932 27945 26015 30628 30414 21887 25407 24260 24150 20192 24072 26381 15808 16036 17165 17969 16849 16237 13047 16154 22880 17855 12586 0 2304 5294 5923 5632 8578 11799
12983 11245 9527 14850 17600 17813 13498 20694 19124 22384 24861 26014 24349 28991 28972 20257 23541 22594 22577 18925 23152 25113 14607 14531 15818 16532 15611 14346 11043 14128 22274 18108 12433 2304 0 4815 3985 3613 6513 10449
13559 12683 9063 14230 18520 17485 13251 20849 18412 20784 23162 23720 21265 25805 25362 17120 21046 19525 19279 15043 18780 21206 10644 11182 12107 12996 11703 12143 9490 12490 17631 13369 7618 5294 4815 0 3817 7591 5905 6864
10038 8923 5917 11286 14938 14415 10085 17571 15565 18549 21011 22058 20380 25027 25091 16302 19564 18626 18641 15202 19731 21357 10998 10659 12055 12694 11948 10371 7125 10231 19227 16421 10372 5923 3985 3817 0 4768 2688 6780
10554 8399 8218 13095 14765 15714 11579 18205 17229 21007 23495 25080 24129 28776 29180 20198 22829 22404 22600 19647 24385 25713 15592 14928 16485 16995 16489 13799 10321 13162 23987 20884 14940 5632 3613 7591 4768 0 6105 11397
7656 7022 3260 8611 12623 11773 7461 15014 12885 15893 18363 19521 18136 22791 23089 14142 17095 16395 16531 13597 18508 19619 9703 8836 10443 10904 10528 7916 4538 7614 18460 16952 10878 8578 6513 5905 2688 6105 0 5662
10925 11494 6500 9801 15568 12996 9526 16665 13370 14697 16924 17085 14402 18944 18615 10259 14344 12666 12422 8476 12987 14664 4217 4318 5380 6175 5179 6042 5001 7026 12797 12280 6656 11799 10449 6864 6780 11397 5662 0
