0 1895 1620 2629 3285 3239 3220 3155 2786 3150 2225 2390 2111 2328 2565 1786 2679 2940 2894 3120 3110 3212 3439 3646 3562 3875 3751 4317 4138 3888 3870 4117 3483 3422 3312 2674 2565 2324 2210 2043 1572 1318 1220
1895 0 533 737 1535 1739 1326 1294 1020 1452 483 662 555 863 1612 852 1379 1745 1426 1855 1599 1771 1991 2226 2269 2455 2405 2592 2752 2546 2713 3034 2415 2591 2691 2167 2504 1812 1899 1924 2004 1747 1330
1620 533 0 1176 1664 1677 1682 1759 1540 1977 1016 1194 1067 1379 2076 1220 1892 2254 1957 2375 2132 2302 2524 2759 2796 2988 2936 3097 3285 3078 3233 3551 2922 3069 3137 2570 2827 2194 2240 2219 2160 1866 1450
2629 737 1176 0 1084 1515 620 583 515 919 521 490 731 844 1630 1245 1238 1572 1128 1609 1216 1410 1589 1813 1934 2018 2020 1943 2309 2150 2409 2741 2198 2479 2671 2283 2749 2006 2160 2254 2497 2292 1907
3285 1535 1664 1084 0 597 745 1223 1508 1769 1571 1573 1783 1928 2705 2276 2292 2596 2128 2594 2152 2339 2461 2650 2834 2808 2868 2363 3069 2974 3304 3628 3166 3493 3716 3363 3833 3089 3240 3324 3510 3272 2860
3239 1739 1677 1515 597 0 1323 1782 2000 2313 1924 1975 2124 2329 3135 2568 2753 3084 2627 3105 2679 2871 3012 3211 3380 3381 3428 2961 3649 3541 3855 4183 3688 3990 4186 3775 4195 3466 3590 3643 3739 3471 3049
3220 1326 1682 620 745 1323 0 485 849 1035 1130 1053 1330 1372 2074 1845 1635 1904 1434 1881 1429 1610 1720 1905 2094 2063 2123 1689 2327 2229 2561 2884 2439 2783 3028 2738 3252 2510 2687 2806 3094 2902 2524
3155 1294 1759 583 1223 1782 485 0 460 550 938 796 1095 1035 1643 1581 1195 1435 968 1401 946 1125 1238 1429 1611 1599 1647 1371 1873 1758 2081 2405 1955 2302 2556 2303 2841 2109 2300 2441 2793 2638 2297
2786 1020 1540 515 1508 2000 849 460 0 439 572 396 679 576 1224 1135 790 1089 627 1105 701 895 1076 1303 1418 1514 1508 1576 1809 1639 1894 2226 1691 1992 2208 1888 2406 1667 1851 1985 2334 2185 1857
3150 1452 1977 919 1769 2313 1035 550 439 0 986 802 1045 834 1196 1413 754 917 479 859 401 575 698 907 1067 1101 1121 1171 1391 1243 1541 1869 1404 1758 2023 1831 2396 1695 1904 2073 2507 2406 2129
2225 483 1016 521 1571 1924 1130 938 572 986 0 184 213 432 1238 723 934 1300 948 1393 1116 1290 1509 1744 1794 1972 1926 2146 2269 2066 2247 2572 1967 2178 2317 1855 2276 1542 1676 1753 1975 1772 1396
2390 662 1194 490 1573 1975 1053 796 396 802 184 0 298 357 1161 799 810 1170 787 1247 943 1122 1336 1571 1634 1798 1758 1965 2095 1897 2093 2421 1829 2064 2225 1803 2259 1516 1669 1768 2041 1861 1504
2111 555 1067 731 1783 2124 1330 1095 679 1045 213 298 0 311 1072 515 826 1191 903 1307 1096 1252 1479 1712 1731 1945 1879 2216 2239 2021 2165 2484 1861 2040 2156 1667 2071 1342 1468 1541 1766 1572 1208
2328 863 1379 844 1928 2329 1372 1035 576 834 432 357 311 0 811 581 516 882 605 995 808 951 1181 1412 1421 1646 1572 1991 1937 1715 1853 2173 1552 1748 1886 1446 1906 1161 1322 1433 1758 1613 1303
2565 1612 2076 1630 2705 3135 2074 1643 1224 1196 1238 1161 1072 811 0 906 450 425 718 613 870 841 1012 1163 1019 1368 1217 2081 1600 1345 1307 1577 930 994 1083 664 1202 510 729 923 1449 1455 1353
1786 852 1220 1245 2276 2568 1845 1581 1135 1413 723 799 515 581 906 0 899 1198 1108 1364 1325 1427 1655 1868 1812 2100 1991 2556 2375 2132 2179 2469 1821 1893 1926 1350 1652 977 1048 1076 1251 1061 723
2679 1379 1892 1238 2292 2753 1635 1195 790 754 934 810 826 516 450 899 0 367 287 488 482 536 759 969 929 1201 1098 1742 1478 1241 1343 1659 1036 1254 1432 1107 1653 941 1150 1324 1791 1734 1530
2940 1745 2254 1572 2596 3084 1904 1435 1089 917 1300 1170 1191 882 425 1198 367 0 470 189 531 443 590 740 622 952 813 1668 1200 948 991 1299 669 906 1123 940 1525 910 1131 1336 1874 1876 1746
2894 1426 1957 1128 2128 2627 1434 968 627 479 948 787 903 605 718 1108 287 470 0 480 217 348 576 808 846 1042 979 1472 1335 1121 1307 1637 1070 1365 1594 1354 1917 1221 1434 1611 2077 2009 1781
3120 1855 2375 1609 2594 3105 1881 1401 1105 859 1393 1247 1307 995 613 1364 488 189 480 0 458 313 412 551 448 764 631 1497 1018 769 858 1179 589 902 1165 1078 1667 1087 1308 1516 2060 2066 1932
3110 1599 2132 1216 2152 2679 1429 946 701 401 1116 943 1096 808 870 1325 482 531 217 458 0 194 393 628 718 856 819 1261 1153 956 1193 1525 1014 1357 1622 1465 2044 1380 1598 1785 2271 2215 1996
3212 1771 2302 1410 2339 2871 1610 1125 895 575 1290 1122 1252 951 841 1427 536 443 348 313 194 0 231 460 524 694 636 1241 986 776 999 1331 829 1189 1471 1379 1966 1344 1566 1765 2281 2251 2066
3439 1991 2524 1589 2461 3012 1720 1238 1076 698 1509 1336 1479 1181 1012 1655 759 590 576 412 393 231 0 235 374 466 431 1084 761 565 843 1170 761 1159 1472 1480 2069 1499 1720 1927 2462 2450 2282
3646 2226 2759 1813 2650 3211 1905 1429 1303 907 1744 1571 1712 1412 1163 1868 969 740 808 551 628 460 235 0 264 234 217 1024 526 337 666 980 689 1104 1439 1548 2130 1621 1839 2052 2606 2617 2474
3562 2269 2796 1934 2834 3380 2094 1611 1418 1067 1794 1634 1731 1421 1019 1812 929 622 846 448 718 524 374 264 0 374 200 1281 581 326 476 808 425 839 1175 1320 1893 1435 1646 1863 2432 2469 2365
3875 2455 2988 2018 2808 3381 2063 1599 1514 1101 1972 1798 1945 1646 1368 2100 1201 952 1042 764 856 694 466 234 374 0 188 959 297 187 590 862 747 1153 1498 1693 2262 1804 2018 2233 2799 2824 2695
3751 2405 2936 2020 2868 3428 2123 1647 1508 1121 1926 1758 1879 1572 1217 1991 1098 813 979 631 819 636 431 217 200 188 0 1138 386 142 455 763 560 969 1313 1510 2075 1634 1845 2062 2633 2669 2559
4317 2592 3097 1943 2363 2961 1689 1371 1576 1171 2146 1965 2216 1991 2081 2556 1742 1668 1472 1497 1261 1241 1084 1024 1281 959 1138 0 1034 1132 1532 1745 1694 2107 2450 2558 3145 2579 2800 3003 3520 3476 3251
4138 2752 3285 2309 3069 3649 2327 1873 1809 1391 2269 2095 2239 1937 1600 2375 1478 1200 1335 1018 1153 986 761 526 581 297 386 1034 0 256 542 711 839 1199 1543 1840 2383 2000 2205 2423 3000 3048 2945
3888 2546 3078 2150 2974 3541 2229 1758 1639 1243 2066 1897 2021 1715 1345 2132 1241 948 1121 769 956 776 565 337 326 187 142 1132 256 0 405 677 612 1001 1348 1598 2151 1746 1953 2170 2746 2792 2692
3870 2713 3233 2409 3304 3855 2561 2081 1894 1541 2247 2093 2165 1853 1307 2179 1343 991 1307 858 1193 999 843 666 476 590 455 1532 542 405 0 332 393 673 1010 1384 1888 1611 1796 2011 2598 2689 2652
4117 3034 3551 2741 3628 4183 2884 2405 2226 1869 2572 2421 2484 2173 1577 2469 1659 1299 1637 1179 1525 1331 1170 980 808 862 763 1745 711 677 332 0 648 760 1041 1537 1976 1816 1981 2190 2775 2895 2896
3483 2415 2922 2198 3166 3688 2439 1955 1691 1404 1967 1829 1861 1552 930 1821 1036 669 1070 589 1014 829 761 689 425 747 560 1694 839 612 393 648 0 415 755 1009 1544 1218 1406 1622 2209 2295 2264
3422 2591 3069 2479 3493 3990 2783 2302 1992 1758 2178 2064 2040 1748 994 1893 1254 906 1365 902 1357 1189 1159 1104 839 1153 969 2107 1199 1001 673 760 415 0 347 784 1227 1098 1240 1442 2023 2162 2209
3312 2691 3137 2671 3716 4186 3028 2556 2208 2023 2317 2225 2156 1886 1083 1926 1432 1123 1594 1165 1622 1471 1472 1439 1175 1498 1313 2450 1543 1348 1010 1041 755 347 0 640 945 1017 1102 1278 1834 2013 2125
2674 2167 2570 2283 3363 3775 2738 2303 1888 1831 1855 1803 1667 1446 664 1350 1107 940 1354 1078 1465 1379 1480 1548 1320 1693 1510 2558 1840 1598 1384 1537 1009 784 640 0 589 387 466 659 1239 1387 1484
2565 2504 2827 2749 3833 4195 3252 2841 2406 2396 2276 2259 2071 1906 1202 1652 1653 1525 1917 1667 2044 1966 2069 2130 1893 2262 2075 3145 2383 2151 1888 1976 1544 1227 945 589 0 744 606 614 998 1253 1511
2324 1812 2194 2006 3089 3466 2510 2109 1667 1695 1542 1516 1342 1161 510 977 941 910 1221 1087 1380 1344 1499 1621 1435 1804 1634 2579 2000 1746 1611 1816 1218 1098 1017 387 744 0 221 430 1000 1080 1116
2210 1899 2240 2160 3240 3590 2687 2300 1851 1904 1676 1669 1468 1322 729 1048 1150 1131 1434 1308 1598 1566 1720 1839 1646 2018 1845 2800 2205 1953 1796 1981 1406 1240 1102 466 606 221 0 217 802 923 1034
2043 1924 2219 2254 3324 3643 2806 2441 1985 2073 1753 1768 1541 1433 923 1076 1324 1336 1611 1516 1785 1765 1927 2052 1863 2233 2062 3003 2423 2170 2011 2190 1622 1442 1278 659 614 430 217 0 587 735 912
1572 2004 2160 2497 3510 3739 3094 2793 2334 2507 1975 2041 1766 1758 1449 1251 1791 1874 2077 2060 2271 2281 2462 2606 2432 2799 2633 3520 3000 2746 2598 2775 2209 2023 1834 1239 998 1000 802 587 0 310 709
1318 1747 1866 2292 3272 3471 2902 2638 2185 2406 1772 1861 1572 1613 1455 1061 1734 1876 2009 2066 2215 2251 2450 2617 2469 2824 2669 3476 3048 2792 2689 2895 2295 2162 2013 1387 1253 1080 923 735 310 0 422
1220 1330 1450 1907 2860 3049 2524 2297 1857 2129 1396 1504 1208 1303 1353 723 1530 1746 1781 1932 1996 2066 2282 2474 2365 2695 2559 3251 2945 2692 2652 2896 2264 2209 2125 1484 1511 1116 1034 912 709 422 0
