0 62 148 151 145 391 423 333 372 418 513 555 536 576 702 727 717 642 676 570 765 844 790 704 588 642 604 549 734 649 583 379 431 299 435 551 512 604 368 199 234 249 561 417
62 0 146 92 97 426 452 354 387 428 524 560 537 577 700 722 708 635 657 559 737 809 751 667 543 594 554 497 677 590 523 317 373 301 429 517 468 546 369 188 215 207 517 409
148 146 0 151 115 301 318 213 242 281 377 414 392 432 556 580 569 494 529 422 624 710 661 574 474 534 505 454 658 586 521 353 369 155 288 417 399 535 223 54 94 151 445 269
151 92 151 0 38 452 468 361 385 416 511 537 508 547 665 683 662 593 600 514 666 730 669 587 456 505 463 406 584 498 431 230 280 285 394 444 383 453 348 167 177 132 432 372
145 97 115 38 0 416 431 323 346 378 473 500 472 511 630 649 630 560 571 481 643 712 654 570 446 498 459 403 590 508 442 251 288 247 359 422 371 461 310 129 140 110 420 336
391 426 301 452 416 0 55 115 139 178 217 283 297 325 437 475 494 419 519 392 657 775 755 669 636 703 695 659 873 825 767 638 627 221 283 523 574 769 221 301 320 415 607 289
423 452 318 468 431 55 0 110 113 138 163 230 246 273 382 421 441 367 472 345 611 732 715 631 608 676 672 639 852 810 754 640 620 212 246 490 550 754 195 308 321 416 580 256
333 354 213 361 323 115 110 0 49 103 186 241 237 274 398 431 438 360 441 314 570 682 654 567 523 590 581 543 757 709 651 530 513 105 186 416 459 653 113 199 211 306 494 186
372 387 242 385 346 139 113 49 0 54 141 193 188 225 349 382 389 311 394 267 526 641 617 530 498 565 559 526 739 697 642 536 510 106 145 384 438 641 82 218 221 314 469 150
418 428 281 416 378 178 138 103 54 0 96 140 134 171 295 328 335 256 344 216 479 596 577 492 473 540 540 511 722 687 635 548 512 130 107 352 419 631 76 249 244 330 446 120
513 524 377 511 473 217 163 186 141 96 0 66 91 110 220 258 278 205 318 198 462 587 580 502 512 577 586 564 769 745 698 631 586 226 155 381 469 689 165 345 337 419 487 177
555 560 414 537 500 283 230 241 193 140 66 0 43 44 157 193 211 139 256 144 401 528 526 451 479 541 555 540 738 723 680 635 579 258 151 344 443 668 191 375 360 433 455 176
536 537 392 508 472 297 246 237 188 134 91 43 0 39 165 195 201 123 227 106 371 495 490 413 436 498 512 497 695 679 637 596 538 237 116 301 400 624 168 350 331 399 412 140
576 577 432 547 511 325 273 274 225 171 110 44 39 0 126 157 169 94 212 106 358 484 485 412 450 510 528 516 709 699 659 628 566 277 153 314 420 645 208 389 370 436 428 177
702 700 556 665 630 437 382 398 349 295 220 157 165 126 0 41 87 84 191 165 324 450 471 416 495 546 575 576 748 755 724 724 651 402 271 363 482 704 333 512 490 547 478 293
727 722 580 683 649 475 421 431 382 328 258 193 195 157 41 0 55 90 169 172 292 417 443 393 482 530 563 567 732 744 716 729 652 428 292 355 476 695 359 534 510 562 468 313
717 708 569 662 630 494 441 438 389 335 278 211 201 169 87 55 0 78 116 148 238 363 387 338 432 478 513 520 679 695 669 693 612 421 282 308 431 646 355 521 493 537 420 300
642 635 494 593 560 419 367 360 311 256 205 139 123 94 84 90 78 0 128 83 272 400 410 346 413 467 493 492 668 672 640 641 567 344 206 280 398 620 277 447 421 472 396 225
676 657 529 600 571 519 472 441 394 344 318 256 227 212 191 169 116 128 0 127 145 273 282 224 319 363 399 409 563 581 558 600 512 396 260 202 324 533 339 477 443 469 308 269
570 559 422 514 481 392 345 314 267 216 198 144 106 106 165 172 148 83 127 0 266 389 383 307 347 406 426 419 606 601 565 558 486 278 139 211 323 548 216 373 344 390 327 153
765 737 624 666 643 657 611 570 526 479 462 401 371 358 324 292 238 272 145 266 0 127 153 134 283 301 351 381 485 526 520 615 516 509 384 224 322 488 461 570 532 534 286 387
844 809 710 730 712 775 732 682 641 596 587 528 495 484 450 417 363 400 273 389 127 0 79 143 294 283 339 384 428 492 502 639 536 612 496 293 355 466 570 657 616 601 309 496
790 751 661 669 654 755 715 654 617 577 580 526 490 485 471 443 387 410 282 383 153 79 0 88 222 204 261 308 352 413 423 565 462 576 472 247 288 387 541 608 567 543 240 468
704 667 574 587 570 669 631 567 530 492 502 451 413 412 416 393 338 346 224 307 134 143 88 0 158 167 218 254 352 392 388 501 399 487 386 158 213 355 454 520 479 459 169 381
588 543 474 456 446 636 608 523 498 473 512 479 436 450 495 482 432 413 319 347 283 294 222 158 0 67 80 98 259 262 242 345 242 426 367 136 75 214 415 425 384 338 29 353
642 594 534 505 498 703 676 590 565 540 577 541 498 510 546 530 478 467 363 406 301 283 204 167 67 0 56 108 201 225 222 367 264 493 434 197 136 188 482 487 446 394 96 420
604 554 505 463 459 695 672 581 559 540 586 555 512 528 575 563 513 493 399 426 351 339 261 218 80 56 0 57 183 182 169 313 211 479 436 215 121 138 477 460 421 360 100 420
549 497 454 406 403 659 639 543 526 511 564 540 497 516 576 567 520 492 409 419 381 384 308 254 98 108 57 0 214 182 149 259 156 440 411 212 96 128 444 411 372 306 101 393
734 677 658 584 590 873 852 757 739 722 769 738 695 709 748 732 679 668 563 606 485 428 352 352 259 201 183 214 0 104 162 381 304 654 619 395 302 132 657 619 582 506 282 602
649 590 586 498 508 825 810 709 697 687 745 723 679 699 755 744 695 672 581 601 526 492 413 392 262 225 182 182 104 0 66 284 219 603 591 392 279 56 617 553 519 435 276 571
583 523 521 431 442 767 754 651 642 635 698 680 637 659 724 716 669 640 558 565 520 502 423 388 242 222 169 149 162 66 0 219 153 545 543 361 241 39 563 489 456 371 249 522
379 317 353 230 251 638 640 530 536 548 631 635 596 628 724 729 693 641 600 558 615 639 565 501 345 367 313 259 381 284 219 0 103 430 483 403 292 250 472 338 319 224 332 459
431 373 369 280 288 627 620 513 510 512 586 579 538 566 651 652 612 567 512 486 516 536 462 399 242 264 211 156 304 219 153 103 0 408 431 311 195 173 436 340 310 220 231 408
299 301 155 285 247 221 212 105 106 130 226 258 237 277 402 428 421 344 396 278 509 612 576 487 426 493 479 440 654 603 545 430 408 0 140 331 359 548 68 118 115 207 397 126
435 429 288 394 359 283 246 186 145 107 155 151 116 153 271 292 282 206 260 139 384 496 472 386 367 434 436 411 619 591 543 483 431 140 0 244 317 535 78 241 218 283 340 24
551 517 417 444 422 523 490 416 384 352 381 344 301 314 363 355 308 280 202 211 224 293 247 158 136 197 215 212 395 392 361 403 311 331 244 0 123 340 304 363 323 312 116 234
512 468 399 383 371 574 550 459 438 419 469 443 400 420 482 476 431 398 324 323 322 355 288 213 75 136 121 96 302 279 241 292 195 359 317 123 0 225 355 350 309 263 49 299
604 546 535 453 461 769 754 653 641 631 689 668 624 645 704 695 646 620 533 548 488 466 387 355 214 188 138 128 132 56 39 250 173 548 535 340 225 0 560 499 465 383 226 515
368 369 223 348 310 221 195 113 82 76 165 191 168 208 333 359 355 277 339 216 461 570 541 454 415 482 477 444 657 617 563 472 436 68 78 304 355 560 0 183 172 255 386 74
199 188 54 167 129 301 308 199 218 249 345 375 350 389 512 534 521 447 477 373 570 657 608 520 425 487 460 411 619 553 489 338 340 118 241 363 350 499 183 0 41 120 396 221
234 215 94 177 140 320 321 211 221 244 337 360 331 370 490 510 493 421 443 344 532 616 567 479 384 446 421 372 582 519 456 319 310 115 218 323 309 465 172 41 0 95 355 196
249 207 151 132 110 415 416 306 314 330 419 433 399 436 547 562 537 472 469 390 534 601 543 459 338 394 360 306 506 435 371 224 220 207 283 312 263 383 255 120 95 0 312 259
561 517 445 432 420 607 580 494 469 446 487 455 412 428 478 468 420 396 308 327 286 309 240 169 29 96 100 101 282 276 249 332 231 397 340 116 49 226 386 396 355 312 0 325
417 409 269 372 336 289 256 186 150 120 177 176 140 177 293 313 300 225 269 153 387 496 468 381 353 420 420 393 602 571 522 459 408 126 24 234 299 515 74 221 196 259 325 0
