0 228 121 313 367 387 643 809 956 1085 1185 1292 1747 1635 1314 1584 1795 1830 1116 1292 1789 1844 1298 1224 1545 1975 2084 2477 2430 2500 2439 2366 2160 2987 2046 1713 2035 2588 2800 909 836 1521 1410 1441 1576 1275 1670 1794 1711 1860 2200 2254 2347 2528 2672 2593 2917 1970
228 0 281 428 448 425 663 809 904 1032 1101 1184 1635 1529 1154 1411 1643 1762 1204 1394 1871 1910 1329 1231 1556 1986 2085 2480 2462 2540 2495 2424 2229 3017 2106 1751 2002 2636 2829 915 901 1652 1527 1529 1661 1285 1464 1607 1516 1701 2267 2316 2405 2580 2693 2602 2954 1992
121 281 0 192 247 276 528 696 856 984 1094 1209 1664 1550 1259 1535 1732 1729 995 1172 1668 1722 1178 1108 1427 1856 1967 2360 2309 2379 2317 2244 2039 2866 1924 1593 1925 2466 2680 795 714 1407 1292 1320 1455 1158 1649 1755 1680 1801 2079 2132 2225 2407 2553 2475 2796 1851
313 428 192 0 75 143 359 529 716 838 966 1098 1547 1429 1197 1480 1649 1580 804 983 1476 1530 991 929 1244 1672 1785 2176 2120 2188 2126 2052 1847 2676 1732 1403 1756 2275 2490 621 523 1227 1107 1129 1264 977 1639 1714 1652 1725 1887 1940 2033 2215 2365 2289 2605 1663
367 448 247 75 0 77 287 457 641 763 891 1024 1472 1354 1130 1414 1578 1505 762 948 1433 1481 930 862 1180 1609 1720 2112 2062 2133 2075 2002 1799 2619 1682 1346 1685 2222 2432 551 470 1204 1079 1088 1221 911 1583 1651 1592 1655 1839 1890 1983 2163 2305 2227 2549 1603
387 425 276 143 77 0 255 421 586 711 831 958 1409 1292 1054 1338 1506 1456 779 971 1445 1486 918 837 1160 1590 1698 2091 2053 2127 2075 2003 1805 2609 1684 1338 1649 2219 2422 522 475 1240 1109 1103 1235 889 1505 1574 1514 1582 1843 1893 1984 2162 2291 2208 2542 1589
643 663 528 359 287 255 0 170 375 488 634 782 1215 1095 952 1235 1361 1223 575 777 1221 1250 666 581 904 1334 1442 1835 1801 1878 1832 1762 1569 2357 1444 1088 1398 1972 2170 266 263 1072 929 889 1016 633 1464 1486 1447 1444 1606 1654 1742 1917 2037 1953 2292 1335
809 809 696 529 457 421 170 0 236 331 492 651 1067 945 868 1144 1240 1055 517 718 1117 1129 526 422 747 1177 1281 1675 1654 1734 1699 1630 1446 2208 1316 948 1229 1833 2020 106 246 1031 880 803 920 476 1410 1400 1376 1327 1482 1526 1611 1780 1883 1795 2146 1183
956 904 856 716 641 586 375 236 0 129 259 414 840 720 649 918 1003 873 680 867 1186 1169 558 408 708 1119 1204 1596 1618 1709 1700 1637 1474 2162 1335 949 1098 1817 1974 236 465 1186 1032 913 1011 461 1208 1176 1161 1091 1505 1541 1617 1772 1827 1723 2110 1144
1085 1032 984 838 763 711 488 331 129 0 177 345 736 614 636 885 933 745 689 861 1128 1096 500 341 610 1008 1086 1476 1511 1605 1605 1545 1392 2050 1251 862 970 1716 1862 292 528 1178 1023 882 967 388 1206 1143 1143 1025 1421 1453 1525 1674 1713 1605 2001 1039
1185 1101 1094 966 891 831 634 492 259 177 0 167 582 462 479 714 756 662 862 1027 1252 1204 640 481 691 1047 1107 1484 1555 1656 1675 1619 1484 2078 1341 955 942 1772 1892 466 704 1341 1187 1034 1107 518 1050 971 978 847 1510 1536 1600 1736 1737 1617 2037 1093
1292 1184 1209 1098 1024 958 782 651 414 345 167 0 455 345 349 554 591 625 1027 1187 1382 1321 787 631 800 1113 1154 1514 1616 1721 1757 1706 1587 2120 1444 1064 949 1841 1937 632 869 1498 1346 1185 1250 663 909 810 826 681 1610 1630 1687 1811 1778 1649 2087 1170
1747 1635 1664 1547 1472 1409 1215 1067 840 736 582 455 0 121 591 569 361 381 1335 1453 1499 1397 1019 898 905 1046 1031 1314 1496 1610 1692 1658 1596 1928 1460 1136 745 1735 1760 1022 1254 1735 1594 1400 1424 904 960 736 824 447 1608 1609 1641 1723 1595 1448 1917 1130
1635 1529 1550 1429 1354 1292 1095 945 720 614 462 345 121 0 537 575 425 367 1220 1343 1414 1321 911 784 815 999 1000 1310 1469 1581 1651 1613 1536 1925 1397 1057 733 1706 1752 901 1132 1630 1487 1297 1329 793 972 775 846 519 1551 1556 1595 1689 1588 1445 1907 1077
1314 1154 1259 1197 1130 1054 952 868 649 636 479 349 591 537 0 284 490 894 1321 1497 1728 1670 1120 961 1149 1451 1481 1824 1949 2057 2100 2051 1936 2436 1792 1413 1249 2178 2257 886 1111 1814 1660 1513 1587 998 571 534 511 547 1958 1977 2032 2151 2095 1959 2410 1513
1584 1411 1535 1480 1414 1338 1235 1144 918 885 714 554 569 575 284 0 299 938 1575 1740 1921 1847 1341 1186 1325 1568 1574 1880 2044 2156 2222 2180 2089 2494 1947 1584 1305 2281 2324 1153 1383 2053 1900 1739 1800 1216 397 258 280 314 2107 2118 2162 2262 2159 2014 2480 1641
1795 1643 1732 1649 1578 1506 1361 1240 1003 933 756 591 361 425 490 299 0 740 1599 1740 1840 1746 1315 1176 1240 1407 1391 1659 1854 1967 2053 2019 1955 2268 1818 1483 1099 2093 2105 1223 1460 2039 1891 1709 1749 1193 640 386 492 95 1968 1970 2002 2082 1941 1790 2263 1490
1830 1762 1729 1580 1505 1456 1223 1055 873 745 662 625 381 367 894 938 740 0 1168 1240 1182 1065 819 748 627 674 650 943 1115 1228 1313 1281 1233 1558 1102 814 367 1353 1386 979 1178 1485 1359 1150 1145 730 1333 1117 1202 822 1242 1238 1265 1342 1221 1078 1542 762
1116 1204 995 804 762 779 575 517 680 689 862 1027 1335 1220 1321 1575 1599 1168 0 203 672 733 352 437 602 972 1103 1467 1355 1411 1332 1257 1046 1905 939 656 1183 1488 1724 452 312 514 362 325 460 441 1886 1833 1831 1693 1087 1143 1238 1424 1614 1563 1827 935
1292 1394 1172 983 948 971 777 718 867 861 1027 1187 1453 1343 1497 1740 1740 1240 203 0 509 600 433 564 627 924 1060 1396 1247 1290 1190 1114 896 1784 805 594 1193 1354 1609 647 513 319 164 171 302 550 2066 1997 2004 1836 938 998 1097 1287 1512 1479 1699 870
1789 1871 1668 1476 1433 1445 1221 1117 1186 1128 1252 1382 1499 1414 1728 1921 1840 1182 672 509 0 149 629 786 601 620 744 988 778 802 685 609 388 1291 318 368 986 853 1124 1021 970 468 456 348 212 740 2292 2162 2200 1934 430 493 592 783 1047 1043 1201 531
1844 1910 1722 1530 1481 1486 1250 1129 1169 1096 1204 1321 1397 1321 1670 1847 1746 1065 733 600 149 0 614 761 523 474 595 843 652 690 598 523 318 1184 206 264 846 756 1010 1028 1012 610 578 428 301 709 2226 2081 2127 1839 357 409 504 691 920 905 1100 383
1298 1329 1178 991 930 918 666 526 558 500 640 787 1019 911 1120 1341 1315 819 352 433 629 614 0 160 267 683 802 1188 1134 1211 1173 1105 926 1691 792 422 840 1307 1504 421 476 723 577 398 468 124 1690 1593 1613 1411 960 1002 1085 1254 1374 1298 1625 672
1224 1231 1108 929 862 837 581 422 408 341 481 631 898 784 961 1186 1176 748 437 564 786 761 160 0 325 755 860 1254 1236 1320 1298 1233 1066 1788 928 544 838 1423 1600 317 448 869 718 553 628 55 1532 1440 1457 1271 1098 1135 1213 1374 1462 1373 1729 763
1545 1556 1427 1244 1180 1160 904 747 708 610 691 800 905 815 1149 1325 1240 627 602 627 601 523 267 325 0 430 541 932 913 1002 995 935 792 1464 649 264 580 1109 1275 642 738 857 734 523 523 271 1703 1562 1605 1334 819 846 915 1065 1136 1048 1407 439
1975 1986 1856 1672 1609 1590 1334 1177 1119 1008 1047 1113 1046 999 1451 1568 1407 674 972 924 620 474 683 755 430 0 136 505 507 609 654 614 563 1043 442 330 384 728 855 1072 1158 1045 971 769 690 702 1963 1774 1844 1493 569 564 596 700 709 618 994 97
2084 2085 1967 1785 1720 1698 1442 1281 1204 1086 1107 1154 1031 1000 1481 1574 1391 650 1103 1060 744 595 802 860 541 136 0 394 470 581 664 638 634 970 531 467 311 706 785 1177 1278 1178 1106 905 824 809 1971 1767 1845 1472 631 612 623 691 630 519 933 213
2477 2480 2360 2176 2112 2091 1835 1675 1596 1476 1484 1514 1314 1310 1824 1880 1659 943 1467 1396 988 843 1188 1254 932 505 394 0 310 401 571 594 720 615 690 811 577 508 446 1571 1664 1454 1412 1229 1125 1202 2274 2044 2138 1729 694 641 590 537 282 135 604 531
2430 2462 2309 2120 2062 2053 1801 1654 1618 1511 1555 1616 1496 1469 1949 2044 1854 1115 1355 1247 778 652 1134 1236 913 507 470 310 0 113 261 286 445 556 460 716 756 239 370 1547 1596 1244 1230 1075 953 1180 2441 2233 2314 1932 412 351 284 242 268 293 493 474
2500 2540 2379 2188 2133 2127 1878 1734 1709 1605 1656 1721 1610 1581 2057 2156 1967 1228 1411 1290 802 690 1211 1320 1002 609 581 401 113 0 185 236 437 494 487 789 870 125 321 1628 1665 1259 1258 1118 990 1265 2553 2346 2427 2046 398 331 242 135 272 351 416 566
2439 2495 2317 2126 2075 2075 1832 1699 1700 1605 1675 1757 1692 1651 2100 2222 2053 1313 1332 1190 685 598 1173 1298 995 654 664 571 261 185 0 76 299 615 393 754 971 173 469 1594 1604 1122 1140 1022 888 1243 2617 2425 2497 2135 256 192 93 99 453 535 519 587
2366 2424 2244 2052 2002 2003 1762 1630 1637 1545 1619 1706 1658 1613 2051 2180 2019 1281 1257 1114 609 523 1105 1233 935 614 638 594 286 236 76 0 222 689 319 688 949 247 538 1526 1532 1047 1063 946 812 1178 2574 2388 2457 2104 180 116 19 175 508 574 595 540
2160 2229 2039 1847 1799 1805 1569 1446 1474 1392 1484 1587 1596 1536 1936 2089 1955 1233 1046 896 388 318 926 1066 792 563 634 720 445 437 299 222 0 911 143 530 939 470 753 1344 1330 826 840 729 594 1012 2477 2310 2369 2044 42 108 207 398 702 736 818 471
2987 3017 2866 2676 2619 2609 2357 2208 2162 2050 2078 2120 1928 1925 2436 2494 2268 1558 1905 1784 1291 1184 1691 1788 1464 1043 970 615 556 494 615 689 911 0 979 1273 1192 441 188 2102 2152 1737 1747 1612 1484 1733 2888 2654 2751 2335 869 803 703 515 342 480 106 1025
2046 2106 1924 1732 1682 1684 1444 1316 1335 1251 1341 1444 1460 1397 1792 1947 1818 1102 939 805 318 206 792 928 649 442 531 690 460 487 393 319 143 979 0 389 824 550 808 1212 1212 783 772 634 504 874 2335 2170 2227 1907 170 210 300 485 729 732 894 346
1713 1751 1593 1403 1346 1338 1088 948 949 862 955 1064 1136 1057 1413 1584 1483 814 656 594 368 264 422 544 264 330 467 811 716 789 754 688 530 1273 389 0 644 885 1087 842 880 730 644 438 371 489 1965 1817 1865 1576 559 592 669 833 965 907 1204 280
2035 2002 1925 1756 1685 1649 1398 1229 1098 970 942 949 745 733 1249 1305 1099 367 1183 1193 986 846 840 838 580 384 311 577 756 870 971 949 939 1192 824 644 0 995 1018 1134 1286 1373 1275 1062 1014 799 1701 1481 1568 1176 939 923 934 990 854 712 1174 481
2588 2636 2466 2275 2222 2219 1972 1833 1817 1716 1772 1841 1735 1706 2178 2281 2093 1353 1488 1354 853 756 1307 1423 1109 728 706 508 239 125 173 247 470 441 550 885 995 0 300 1727 1752 1295 1309 1184 1052 1368 2677 2471 2552 2171 428 362 262 74 318 435 348 679
2800 2829 2680 2490 2432 2422 2170 2020 1974 1862 1892 1937 1760 1752 2257 2324 2105 1386 1724 1609 1124 1010 1504 1600 1275 855 785 446 370 321 469 538 753 188 808 1087 1018 300 0 1914 1967 1578 1580 1437 1311 1545 2719 2490 2584 2175 712 646 549 374 164 317 158 837
909 915 795 621 551 522 266 106 236 292 466 632 1022 901 886 1153 1223 979 452 647 1021 1028 421 317 642 1072 1177 1571 1547 1628 1594 1526 1344 2102 1212 842 1134 1727 1914 0 237 965 811 716 829 370 1443 1412 1398 1313 1379 1422 1506 1675 1778 1690 2040 1077
836 901 714 523 470 475 263 246 465 528 704 869 1254 1132 1111 1383 1460 1178 312 513 970 1012 476 448 738 1158 1278 1664 1596 1665 1604 1532 1330 2152 1212 880 1286 1752 1967 237 0 811 666 631 761 487 1656 1641 1620 1550 1369 1420 1512 1693 1843 1773 2081 1144
1521 1652 1407 1227 1204 1240 1072 1031 1186 1178 1341 1498 1735 1630 1814 2053 2039 1485 514 319 468 610 723 869 857 1045 1178 1454 1244 1259 1122 1047 826 1737 783 730 1373 1295 1578 965 811 0 154 336 359 846 2384 2308 2319 2135 868 934 1033 1222 1511 1511 1642 968
1410 1527 1292 1107 1079 1109 929 880 1032 1023 1187 1346 1594 1487 1660 1900 1891 1359 362 164 456 578 577 718 734 971 1106 1412 1230 1258 1140 1063 840 1747 772 644 1275 1309 1580 811 666 154 0 213 287 698 2229 2156 2165 1987 883 947 1047 1238 1498 1482 1657 903
1441 1529 1320 1129 1088 1103 889 803 913 882 1034 1185 1400 1297 1513 1739 1709 1150 325 171 348 428 398 553 523 769 905 1229 1075 1118 1022 946 729 1612 634 438 1062 1184 1437 716 631 336 213 0 136 523 2084 1992 2010 1805 771 830 928 1117 1341 1310 1528 708
1576 1661 1455 1264 1221 1235 1016 920 1011 967 1107 1250 1424 1329 1587 1800 1749 1145 460 302 212 301 468 628 523 690 824 1125 953 990 888 812 594 1484 504 371 1014 1052 1311 829 761 359 287 136 0 589 2157 2049 2076 1844 636 696 794 984 1220 1198 1398 618
1275 1285 1158 977 911 889 633 476 461 388 518 663 904 793 998 1216 1193 730 441 550 740 709 124 55 271 702 809 1202 1180 1265 1243 1178 1012 1733 874 489 799 1368 1545 370 487 846 698 523 589 0 1568 1468 1489 1289 1044 1080 1158 1319 1407 1320 1674 708
1670 1464 1649 1639 1583 1505 1464 1410 1208 1206 1050 909 960 972 571 397 640 1333 1886 2066 2292 2226 1690 1532 1703 1963 1971 2274 2441 2553 2617 2574 2477 2888 2335 1965 1701 2677 2719 1443 1656 2384 2229 2084 2157 1568 0 286 152 603 2497 2510 2556 2659 2554 2408 2876 2035
1794 1607 1755 1714 1651 1574 1486 1400 1176 1143 971 810 736 775 534 258 386 1117 1833 1997 2162 2081 1593 1440 1562 1774 1767 2044 2233 2346 2425 2388 2310 2654 2170 1817 1481 2471 2490 1412 1641 2308 2156 1992 2049 1468 286 0 137 329 2326 2332 2370 2458 2326 2176 2648 1853
1711 1516 1680 1652 1592 1514 1447 1376 1161 1143 978 826 824 846 511 280 492 1202 1831 2004 2200 2127 1613 1457 1605 1844 1845 2138 2314 2427 2497 2457 2369 2751 2227 1865 1568 2552 2584 1398 1620 2319 2165 2010 2076 1489 152 137 0 451 2386 2396 2439 2535 2419 2271 2741 1919
1860 1701 1801 1725 1655 1582 1444 1327 1091 1025 847 681 447 519 547 314 95 822 1693 1836 1934 1839 1411 1271 1334 1493 1472 1729 1932 2046 2135 2104 2044 2335 1907 1576 1176 2171 2175 1313 1550 2135 1987 1805 1844 1289 603 329 451 0 2056 2056 2087 2163 2011 1859 2333 1577
2200 2267 2079 1887 1839 1843 1606 1482 1505 1421 1510 1610 1608 1551 1958 2107 1968 1242 1087 938 430 357 960 1098 819 569 631 694 412 398 256 180 42 869 170 559 939 428 712 1379 1369 868 883 771 636 1044 2497 2326 2386 2056 0 66 165 355 665 704 775 479
2254 2316 2132 1940 1890 1893 1654 1526 1541 1453 1536 1630 1609 1556 1977 2118 1970 1238 1143 998 493 409 1002 1135 846 564 612 641 351 331 192 116 108 803 210 592 923 362 646 1422 1420 934 947 830 696 1080 2510 2332 2396 2056 66 0 99 291 599 644 710 479
2347 2405 2225 2033 1983 1984 1742 1611 1617 1525 1600 1687 1641 1595 2032 2162 2002 1265 1238 1097 592 504 1085 1213 915 596 623 590 284 242 93 19 207 703 300 669 934 262 549 1506 1512 1033 1047 928 794 1158 2556 2370 2439 2087 165 99 0 191 514 575 610 521
2528 2580 2407 2215 2163 2162 1917 1780 1772 1674 1736 1811 1723 1689 2151 2262 2082 1342 1424 1287 783 691 1254 1374 1065 700 691 537 242 135 99 175 398 515 485 833 990 74 374 1675 1693 1222 1238 1117 984 1319 2659 2458 2535 2163 355 291 191 0 378 480 420 643
2672 2693 2553 2365 2305 2291 2037 1883 1827 1713 1737 1778 1595 1588 2095 2159 1941 1221 1614 1512 1047 920 1374 1462 1136 709 630 282 268 272 453 508 702 342 729 965 854 318 164 1778 1843 1511 1498 1341 1220 1407 2554 2326 2419 2011 665 599 514 378 0 156 322 702
2593 2602 2475 2289 2227 2208 1953 1795 1723 1605 1617 1649 1448 1445 1959 2014 1790 1078 1563 1479 1043 905 1298 1373 1048 618 519 135 293 351 535 574 736 480 732 907 712 435 317 1690 1773 1511 1482 1310 1198 1320 2408 2176 2271 1859 704 644 575 480 156 0 474 630
2917 2954 2796 2605 2549 2542 2292 2146 2110 2001 2037 2087 1917 1907 2410 2480 2263 1542 1827 1699 1201 1100 1625 1729 1407 994 933 604 493 416 519 595 818 106 894 1204 1174 348 158 2040 2081 1642 1657 1528 1398 1674 2876 2648 2741 2333 775 710 610 420 322 474 0 967
1970 1992 1851 1663 1603 1589 1335 1183 1144 1039 1093 1170 1130 1077 1513 1641 1490 762 935 870 531 383 672 763 439 97 213 531 474 566 587 540 471 1025 346 280 481 679 837 1077 1144 968 903 708 618 708 2035 1853 1919 1577 479 479 521 643 702 630 967 0
