0 78 130 170 258 284 350 325 429 374 467 529 459 475 466 485 428 399 286 235 252 180 284 291 297 386 167 125 129 430 330 307 242 182 365 366 383 413 471 497
78 0 123 97 192 239 302 259 367 305 398 458 386 399 389 407 350 322 209 161 180 105 236 259 285 374 168 98 54 353 283 261 200 150 307 300 310 337 395 419
130 123 0 133 177 166 232 238 327 289 380 443 381 407 411 447 392 348 243 188 277 205 356 383 406 496 283 220 163 381 212 188 124 62 260 274 311 352 409 442
170 97 133 0 97 166 221 162 272 208 300 360 289 304 298 324 267 232 119 66 152 92 254 298 342 427 246 169 81 264 204 184 135 114 216 204 213 243 301 329
258 192 177 97 0 99 135 67 175 116 209 272 205 229 235 278 226 175 93 61 204 171 326 377 429 511 342 265 177 208 123 110 94 124 120 108 133 175 232 265
284 239 166 166 99 0 66 113 166 154 232 295 246 282 302 355 310 253 191 158 300 255 416 463 508 593 405 330 245 283 46 22 42 104 100 131 192 243 291 329
350 302 232 221 135 66 0 112 115 134 190 250 214 255 284 344 307 247 215 197 339 305 462 513 562 645 465 389 302 273 19 43 108 170 59 107 178 229 269 307
325 259 238 162 67 113 112 0 111 50 143 206 143 173 189 242 198 141 109 111 242 226 369 425 482 561 403 327 240 170 109 110 131 180 70 41 79 130 180 217
429 367 327 272 175 166 115 111 0 81 79 135 114 157 197 264 241 185 211 223 347 337 474 532 592 668 515 439 351 200 129 148 204 264 67 70 117 157 177 214
374 305 289 208 116 154 134 50 81 0 93 156 94 127 151 210 175 116 130 150 266 262 393 452 513 588 443 368 282 139 137 145 179 230 76 26 44 95 138 176
467 398 380 300 209 232 190 143 79 93 0 64 43 84 130 197 188 141 210 240 339 347 464 526 591 661 530 456 372 144 201 217 264 319 134 106 96 109 106 141
529 458 443 360 272 295 250 206 135 156 64 0 75 89 136 195 204 173 262 298 384 400 505 568 636 701 583 511 429 164 263 280 328 383 196 170 149 143 111 132
459 386 381 289 205 246 214 143 114 94 43 75 0 43 87 154 145 102 186 225 309 325 431 494 561 628 508 436 355 101 223 235 273 324 155 115 75 70 64 100
475 399 407 304 229 282 255 173 157 127 84 89 43 0 48 113 115 88 193 239 303 329 420 484 553 615 510 441 363 74 262 272 305 352 195 151 96 63 23 56
466 389 411 298 235 302 284 189 197 151 130 136 87 48 0 67 70 66 180 232 274 309 384 449 520 578 486 420 348 38 288 296 319 360 225 177 110 60 25 30
485 407 447 324 278 355 344 242 264 210 197 195 154 113 67 0 57 102 205 260 266 315 361 426 499 549 482 423 361 72 347 352 368 401 287 237 166 114 90 64
428 350 392 267 226 310 307 198 241 175 188 204 145 115 70 57 0 59 148 204 213 259 317 382 454 509 429 368 303 43 307 308 318 348 252 201 130 84 93 90
399 322 348 232 175 253 247 141 185 116 141 173 102 88 66 102 59 0 113 166 214 243 332 395 465 528 423 355 281 32 248 251 265 300 192 142 71 32 76 97
286 209 243 119 93 191 215 109 211 130 210 262 186 193 180 205 148 113 0 55 136 138 263 322 383 457 321 249 170 145 207 198 186 203 179 142 114 129 186 210
235 161 188 66 61 158 197 111 223 150 240 298 225 239 232 260 204 166 55 0 143 115 265 317 372 452 293 217 131 198 184 170 142 150 176 152 149 177 235 263
252 180 277 152 204 300 339 242 347 266 339 384 309 303 274 266 213 214 136 143 0 75 126 186 252 322 216 161 125 235 327 313 279 266 312 278 244 242 289 300
180 105 205 92 171 255 305 226 337 262 347 400 325 329 309 315 259 243 138 115 75 0 162 207 258 340 183 112 51 271 290 272 226 202 290 266 252 265 319 338
284 236 356 254 326 416 462 369 474 393 464 505 431 420 384 361 317 332 263 265 126 162 0 64 137 197 165 160 192 347 448 432 389 363 438 405 369 361 403 407
291 259 383 298 377 463 513 425 532 452 526 568 494 484 449 426 382 395 322 317 186 207 64 0 74 135 143 168 225 412 498 480 433 400 493 462 431 425 467 472
297 285 406 342 429 508 562 482 592 513 591 636 561 553 520 499 454 465 383 372 252 258 137 74 0 89 131 187 263 482 546 527 474 433 548 521 495 493 538 544
386 374 496 427 511 593 645 561 668 588 661 701 628 615 578 549 509 528 457 452 322 340 197 135 89 0 219 276 350 542 630 612 560 522 628 598 566 558 598 599
167 168 283 246 342 405 465 403 515 443 530 583 508 510 486 482 429 423 321 293 216 183 165 143 131 219 0 76 164 447 447 426 367 318 462 445 435 446 499 514
125 98 220 169 265 330 389 327 439 368 456 511 436 441 420 423 368 355 249 217 161 112 160 168 187 276 76 0 88 382 371 350 293 247 385 369 362 377 431 449
129 54 163 81 177 245 302 240 351 282 372 429 355 363 348 361 303 281 170 131 125 51 192 225 263 350 164 88 0 311 285 265 210 174 297 281 279 300 356 378
430 353 381 264 208 283 273 170 200 139 144 164 101 74 38 72 43 32 145 198 235 271 347 412 482 542 447 382 311 0 275 279 296 333 216 166 95 44 55 67
330 283 212 204 123 46 19 109 129 137 201 263 223 262 288 347 307 248 207 184 327 290 448 498 546 630 447 371 285 275 0 23 89 151 67 111 180 232 275 313
307 261 188 184 110 22 43 110 148 145 217 280 235 272 296 352 308 251 198 170 313 272 432 480 527 612 426 350 265 279 23 0 65 127 83 120 186 238 284 321
242 200 124 135 94 42 108 131 204 179 264 328 273 305 319 368 318 265 186 142 279 226 389 433 474 560 367 293 210 296 89 65 0 62 136 159 211 259 312 348
182 150 62 114 124 104 170 180 264 230 319 383 324 352 360 401 348 300 203 150 266 202 363 400 433 522 318 247 174 333 151 127 62 0 197 213 256 300 356 390
365 307 260 216 120 100 59 70 67 76 134 196 155 195 225 287 252 192 179 176 312 290 438 493 548 628 462 385 297 216 67 83 136 197 0 50 121 172 210 248
366 300 274 204 108 131 107 41 70 26 106 170 115 151 177 237 201 142 142 152 278 266 405 462 521 598 445 369 281 166 111 120 159 213 50 0 71 122 163 201
383 310 311 213 133 192 178 79 117 44 96 149 75 96 110 166 130 71 114 149 244 252 369 431 495 566 435 362 279 95 180 186 211 256 121 71 0 52 101 137
413 337 352 243 175 243 229 130 157 95 109 143 70 63 60 114 84 32 129 177 242 265 361 425 493 558 446 377 300 44 232 238 259 300 172 122 52 0 58 89
471 395 409 301 232 291 269 180 177 138 106 111 64 23 25 90 93 76 186 235 289 319 403 467 538 598 499 431 356 55 275 284 312 356 210 163 101 58 0 38
497 419 442 329 265 329 307 217 214 176 141 132 100 56 30 64 90 97 210 263 300 338 407 472 544 599 514 449 378 67 313 321 348 390 248 201 137 89 38 0
