0 166 218 285 280 456 462 389 415 440 466 481 477 512 519 537 585 578 557 604 631 625 488 672 664 732 694 692 732 708 744 892 797 805 831 710 680 368 155 111
166 0 94 182 145 363 400 224 249 274 301 319 322 358 358 373 420 416 400 446 469 460 388 506 500 566 532 536 582 566 588 758 636 642 665 546 513 214 158 90
218 94 0 88 61 269 307 195 222 246 266 272 260 295 308 334 381 366 342 389 420 422 295 486 458 543 483 475 513 490 526 677 584 595 637 501 483 152 128 108
285 182 88 0 63 182 221 211 236 255 265 258 228 257 288 324 368 342 308 355 393 409 209 489 439 541 455 433 461 430 483 608 550 567 628 476 475 138 152 174
280 145 61 63 0 224 277 155 181 203 218 218 201 235 253 282 328 310 283 330 363 370 246 442 404 496 426 415 452 429 466 617 526 539 587 445 433 96 175 169
456 363 269 182 224 0 90 307 321 329 319 289 233 240 299 346 375 331 284 319 368 409 35 512 424 549 419 367 366 315 405 461 489 519 616 445 478 226 306 350
462 400 307 221 277 90 0 385 402 412 405 377 322 330 388 436 466 421 374 409 458 499 111 602 513 640 507 452 444 387 487 511 573 605 705 533 568 302 307 366
389 224 195 211 155 307 385 0 27 51 77 101 129 162 139 148 195 196 190 231 247 235 312 291 275 348 309 323 379 379 375 577 415 418 445 322 291 83 323 292
415 249 222 236 181 321 402 27 0 24 54 86 125 154 122 125 171 176 176 214 227 211 324 264 251 322 287 305 364 369 358 567 393 395 418 299 265 103 350 319
440 274 246 255 203 329 412 51 24 0 33 71 119 144 104 101 147 155 160 195 204 186 329 240 227 297 264 285 346 355 337 552 370 371 393 275 240 119 373 344
466 301 266 265 218 319 405 77 54 33 0 41 96 115 71 71 118 122 127 161 172 159 316 224 198 278 233 252 313 322 304 520 338 341 371 245 217 126 392 367
481 319 272 258 218 289 377 101 86 71 41 0 58 74 38 66 110 96 90 129 149 152 283 234 186 283 213 221 278 283 273 481 317 324 370 229 216 122 394 378
477 322 260 228 201 233 322 129 125 119 96 58 0 35 67 113 148 115 82 129 165 187 225 282 213 325 228 215 259 251 267 449 325 340 405 248 255 109 373 368
512 358 295 257 235 240 330 162 154 144 115 74 35 0 62 110 135 92 51 97 138 169 227 272 190 310 199 180 223 217 231 415 292 310 383 221 238 144 406 403
519 358 308 288 253 299 388 139 122 104 71 38 67 62 0 48 81 58 56 92 111 121 288 214 151 258 175 183 242 252 235 449 278 287 340 192 188 157 428 415
537 373 334 324 282 346 436 148 125 101 71 66 113 110 48 0 47 61 90 107 104 88 336 169 126 217 162 191 258 279 241 472 268 269 305 174 150 187 458 437
585 420 381 368 328 375 466 195 171 147 118 110 148 135 81 47 0 51 98 91 68 41 361 137 79 177 119 161 232 263 207 449 225 223 260 128 107 233 504 484
578 416 366 342 310 331 421 196 176 155 122 96 115 92 58 61 51 0 48 45 53 78 315 185 98 218 117 130 196 219 182 410 220 229 291 135 146 214 485 473
557 400 342 308 283 284 374 190 176 160 127 90 82 51 56 90 98 48 0 47 88 126 267 233 141 265 147 135 188 195 187 392 243 259 334 170 194 190 455 450
604 446 389 355 330 319 409 231 214 195 161 129 129 97 92 107 91 45 47 0 49 104 299 213 105 236 102 91 152 173 143 365 195 212 296 126 165 236 503 497
631 469 420 393 363 368 458 247 227 204 172 149 165 138 111 104 68 53 88 49 0 62 348 168 56 187 63 92 165 202 138 382 167 175 248 83 117 267 538 526
625 460 422 409 370 409 499 235 211 186 159 152 187 169 121 88 41 78 126 104 62 0 393 109 43 140 91 150 223 264 189 439 192 186 219 93 68 274 546 526
488 388 295 209 246 35 111 312 324 329 316 283 225 227 288 336 361 315 267 299 348 393 0 498 404 532 396 340 335 282 376 426 462 494 595 422 461 235 339 381
672 506 486 489 442 512 602 291 264 240 224 234 282 272 214 169 137 185 233 213 168 109 498 0 121 61 167 243 315 364 269 525 237 209 163 151 59 350 614 582
664 500 458 439 404 424 513 275 251 227 198 186 213 190 151 126 79 98 141 105 56 43 404 121 0 132 51 122 195 243 154 408 149 143 193 50 64 308 580 563
732 566 543 541 496 549 640 348 322 297 278 283 325 310 258 217 177 218 265 236 187 140 532 61 132 0 164 243 309 366 257 508 206 170 102 140 71 403 670 641
694 532 483 455 426 419 507 309 287 264 233 213 228 199 175 162 119 117 147 102 63 91 396 167 51 164 0 79 148 202 103 358 105 112 200 26 107 331 601 590
692 536 475 433 415 367 452 323 305 285 252 221 215 180 183 191 161 130 135 91 92 150 340 243 122 243 79 0 73 122 52 289 122 153 271 103 185 324 584 583
732 582 513 461 452 366 444 379 364 346 313 278 259 223 242 258 232 196 188 152 165 223 335 315 195 309 148 73 0 67 56 216 144 187 321 168 255 367 613 621
708 566 490 430 429 315 387 379 369 355 322 283 251 217 252 279 263 219 195 173 202 264 282 364 243 366 202 122 67 0 122 198 211 254 386 225 307 352 581 597
744 588 526 483 466 405 487 375 358 337 304 273 267 231 235 241 207 182 187 143 138 189 376 269 154 257 103 52 56 122 0 255 90 131 265 119 209 376 634 635
892 758 677 608 617 461 511 577 567 552 520 481 449 415 449 472 449 410 392 365 382 439 426 525 408 508 358 289 216 198 255 0 308 352 492 374 465 547 755 780
797 636 584 550 526 489 573 415 393 370 338 317 325 292 278 268 225 220 243 195 167 192 462 237 149 206 105 122 144 211 90 308 0 45 186 99 181 431 698 692
805 642 595 567 539 519 605 418 395 371 341 324 340 310 287 269 223 229 259 212 175 186 494 209 143 170 112 153 187 254 131 352 45 0 140 95 158 443 713 702
831 665 637 628 587 616 705 445 418 393 371 370 405 383 340 305 260 291 334 296 248 219 595 163 193 102 200 271 321 386 265 492 186 140 0 174 154 492 763 737
710 546 501 476 445 445 533 322 299 275 245 229 248 221 192 174 128 135 170 126 83 93 422 151 50 140 26 103 168 225 119 374 99 95 174 0 91 349 620 607
680 513 483 475 433 478 568 291 265 240 217 216 255 238 188 150 107 146 194 165 117 68 461 59 64 71 107 185 255 307 209 465 181 158 154 91 0 338 608 584
368 214 152 138 96 226 302 83 103 119 126 122 109 144 157 187 233 214 190 236 267 274 235 350 308 403 331 324 367 352 376 547 431 443 492 349 338 0 272 260
155 158 128 152 175 306 307 323 350 373 392 394 373 406 428 458 504 485 455 503 538 546 339 614 580 670 601 584 613 581 634 755 698 713 763 620 608 272 0 77
111 90 108 174 169 350 366 292 319 344 367 378 368 403 415 437 484 473 450 497 526 526 381 582 563 641 590 583 621 597 635 780 692 702 737 607 584 260 77 0
