0 222 347 403 479 536 842 1041 494 787 1023 606 1044 1076 1412 1592 1619 1798 1880 1482 2106 2394 2557 2309 1503 1962 1268 1449 2537 2962 3318 3317 3290 3046 2982 2250 2579 2452 2986 1828 1777 1408 1145 1047 696 444 370 690 776 1373 1686 2693 2922 2153 1132 1104 1689 1080 1971 1751 2374 3010 245 124
222 0 128 188 260 316 620 820 392 661 861 444 976 949 1348 1446 1498 1580 1671 1262 1914 2201 2360 2102 1305 1791 1049 1235 2393 2825 3195 3205 3211 2964 2876 2136 2489 2420 2959 1787 1702 1287 1047 947 547 378 321 468 570 1151 1495 2634 2913 2053 910 883 1544 885 1755 1540 2229 2981 452 276
347 128 0 111 157 208 495 702 415 646 809 411 991 924 1359 1400 1471 1452 1544 1134 1827 2113 2269 2001 1215 1723 933 1128 2344 2779 3158 3176 3203 2955 2851 2109 2476 2443 2983 1808 1702 1261 1041 942 518 425 386 343 481 1029 1410 2640 2948 2036 789 757 1498 801 1645 1436 2179 3004 580 402
403 188 111 0 77 134 454 639 327 538 699 301 890 814 1256 1289 1360 1425 1536 1103 1729 2016 2174 1914 1119 1617 864 1047 2234 2669 3047 3065 3094 2846 2740 1998 2367 2343 2883 1708 1596 1150 934 835 408 353 330 308 384 974 1311 2534 2852 1926 732 719 1387 701 1568 1352 2069 2904 614 427
479 260 157 77 0 57 376 562 362 534 665 295 900 798 1259 1255 1338 1349 1463 1026 1670 1956 2112 1846 1057 1569 789 976 2196 2633 3016 3038 3081 2833 2717 1974 2352 2350 2890 1716 1591 1130 929 833 399 402 390 232 323 897 1253 2531 2866 1909 655 642 1353 644 1495 1282 2031 2910 692 505
536 316 208 134 57 0 322 505 389 529 637 294 902 781 1256 1224 1315 1295 1413 972 1621 1906 2062 1793 1008 1527 732 921 2161 2599 2986 3012 3063 2815 2693 1950 2333 2348 2887 1714 1581 1109 920 826 393 436 432 183 278 839 1206 2520 2868 1889 597 587 1322 599 1439 1228 1997 2907 749 562
842 620 495 454 376 322 0 232 671 699 672 519 1073 871 1387 1201 1341 972 1099 649 1446 1721 1863 1566 844 1418 466 687 2092 2532 2939 2984 3092 2844 2682 1949 2362 2466 2999 1846 1669 1155 1040 961 578 734 743 152 305 537 1053 2593 3004 1918 300 265 1292 515 1180 996 1930 3015 1066 881
1041 820 702 639 562 505 232 0 778 714 594 601 1057 808 1328 1045 1210 844 1019 526 1220 1491 1632 1333 628 1214 235 454 1899 2337 2751 2805 2942 2696 2513 1791 2217 2378 2901 1776 1571 1045 986 924 623 852 879 370 342 338 838 2473 2924 1777 103 191 1130 375 951 763 1739 2915 1251 1063
494 392 415 327 362 389 671 778 0 294 548 182 584 582 955 1100 1126 1618 1767 1296 1658 1946 2113 1896 1079 1485 961 1088 2043 2468 2825 2828 2820 2574 2495 1759 2101 2031 2571 1398 1310 915 660 560 225 80 141 561 439 1109 1241 2241 2533 1669 881 916 1197 666 1606 1365 1881 2593 588 427
787 661 646 538 534 529 699 714 294 0 280 239 379 290 726 806 838 1547 1734 1236 1390 1676 1847 1652 842 1198 836 907 1749 2175 2536 2543 2557 2309 2214 1474 1831 1818 2358 1185 1058 626 395 298 136 357 430 646 397 1007 982 1997 2340 1393 812 889 903 469 1402 1151 1586 2377 873 720
1023 861 809 699 665 637 672 594 548 280 0 418 490 214 733 590 684 1368 1582 1078 1113 1400 1569 1372 564 940 642 662 1534 1969 2351 2375 2439 2190 2057 1314 1707 1796 2327 1184 996 487 394 343 328 622 689 683 391 822 701 1922 2339 1262 675 785 688 247 1134 881 1370 2343 1137 973
606 444 411 301 295 294 519 601 182 239 418 0 607 513 964 1001 1060 1445 1603 1123 1505 1794 1959 1729 914 1356 779 908 1948 2380 2752 2766 2792 2544 2440 1698 2065 2055 2595 1421 1297 850 634 537 107 261 308 434 259 929 1086 2236 2574 1624 705 749 1099 494 1428 1190 1784 2615 744 567
1044 976 991 890 900 902 1073 1057 584 379 490 607 0 297 371 712 639 1857 2066 1562 1424 1691 1866 1739 993 1157 1132 1141 1579 1978 2302 2287 2245 2001 1948 1231 1535 1452 1992 817 732 457 174 152 513 607 678 1026 768 1311 1065 1658 1966 1117 1148 1242 791 737 1575 1321 1426 2013 1049 946
1076 949 924 814 798 781 871 808 582 290 214 513 297 0 521 525 549 1576 1795 1291 1171 1448 1622 1466 698 941 851 845 1461 1885 2246 2255 2283 2034 1928 1187 1554 1596 2130 976 806 337 179 145 406 639 713 860 574 1031 788 1742 2134 1112 889 998 619 458 1280 1026 1300 2147 1147 1004
1412 1348 1359 1256 1259 1256 1387 1328 955 726 733 964 371 521 0 622 444 2063 2296 1795 1364 1597 1767 1712 1087 1047 1349 1297 1315 1681 1975 1945 1878 1635 1603 917 1177 1091 1631 461 368 385 347 432 862 978 1048 1362 1085 1528 1088 1286 1619 780 1406 1518 660 966 1642 1401 1178 1651 1398 1309
1592 1446 1400 1289 1255 1224 1201 1045 1100 806 590 1001 712 525 622 0 224 1600 1859 1388 744 991 1165 1090 562 447 961 822 947 1379 1762 1791 1896 1650 1482 748 1171 1415 1906 912 637 263 539 608 901 1162 1236 1247 963 1116 492 1447 1967 735 1086 1222 98 687 1052 830 783 1915 1672 1526
1619 1498 1471 1360 1338 1315 1341 1210 1126 838 684 1060 639 549 444 224 0 1814 2070 1591 932 1154 1324 1288 781 605 1154 1034 941 1349 1699 1706 1755 1507 1380 638 1024 1201 1704 688 413 211 487 579 954 1176 1251 1366 1075 1317 716 1262 1754 578 1262 1395 226 838 1275 1054 787 1715 1666 1538
1798 1580 1452 1425 1349 1295 972 844 1618 1547 1368 1445 1857 1576 2063 1600 1814 0 274 324 1327 1488 1552 1197 1037 1524 725 781 2185 2578 3010 3111 3371 3141 2881 2253 2697 3014 3500 2472 2222 1713 1752 1711 1466 1689 1709 1118 1186 546 1164 3022 3567 2301 741 709 1650 1120 787 847 2054 3507 2032 1850
1880 1671 1544 1536 1463 1413 1099 1019 1767 1734 1582 1603 2066 1795 2296 1859 2070 274 0 503 1599 1753 1807 1454 1298 1798 946 1036 2459 2850 3282 3385 3645 3414 3155 2524 2968 3271 3763 2717 2473 1957 1973 1925 1639 1833 1842 1230 1353 768 1434 3290 3824 2568 922 854 1913 1337 1055 1120 2328 3771 2121 1947
1482 1262 1134 1103 1026 972 649 526 1296 1236 1078 1123 1562 1291 1795 1388 1591 324 503 0 1267 1480 1577 1229 843 1397 446 575 2085 2502 2932 3016 3231 2993 2760 2088 2531 2791 3294 2222 1987 1465 1470 1421 1149 1366 1385 797 866 273 1011 2833 3343 2114 424 385 1452 833 796 752 1941 3303 1713 1529
2106 1914 1827 1729 1670 1621 1446 1220 1658 1390 1113 1505 1424 1171 1364 744 932 1327 1599 1267 0 288 456 362 613 342 1012 780 868 1251 1683 1786 2080 1865 1574 1049 1468 1944 2344 1582 1294 1003 1250 1294 1432 1733 1798 1558 1346 1066 420 1838 2465 1159 1194 1321 707 1028 553 516 756 2343 2245 2073
2394 2201 2113 2016 1956 1906 1721 1491 1946 1676 1400 1794 1691 1448 1597 991 1154 1488 1753 1480 288 0 174 319 898 550 1274 1042 825 1134 1557 1683 2037 1843 1520 1125 1500 2046 2396 1760 1476 1254 1516 1566 1720 2021 2086 1838 1633 1307 708 1887 2539 1266 1457 1579 937 1316 702 752 763 2390 2534 2362
2557 2360 2269 2174 2112 2062 1863 1632 2113 1847 1569 1959 1866 1622 1767 1165 1324 1552 1807 1577 456 174 0 355 1055 722 1409 1178 904 1156 1564 1704 2091 1911 1573 1250 1600 2172 2497 1917 1635 1428 1691 1741 1888 2189 2254 1985 1790 1425 873 1991 2651 1401 1590 1707 1109 1477 783 877 870 2489 2701 2527
2309 2102 2001 1914 1846 1793 1566 1333 1896 1652 1372 1729 1739 1466 1712 1090 1288 1197 1454 1229 362 319 355 0 816 704 1101 880 1133 1454 1876 2003 2350 2150 1834 1386 1786 2295 2675 1944 1656 1341 1568 1600 1671 1975 2034 1697 1533 1095 678 2167 2807 1509 1280 1387 1062 1235 433 569 1053 2672 2473 2293
1503 1305 1215 1119 1057 1008 844 628 1079 842 564 914 993 698 1087 562 781 1037 1298 843 613 898 1055 816 0 592 458 268 1285 1719 2139 2206 2391 2151 1931 1245 1688 1977 2464 1455 1192 708 839 842 854 1158 1217 948 735 581 209 1994 2529 1273 624 762 614 423 582 327 1130 2472 1658 1480
1962 1791 1723 1617 1569 1527 1418 1214 1485 1198 940 1356 1157 941 1047 447 605 1524 1798 1397 342 550 722 704 592 0 1049 838 694 1126 1549 1621 1847 1617 1363 747 1184 1614 2037 1241 953 710 983 1044 1268 1555 1625 1503 1250 1154 392 1537 2144 836 1216 1354 387 932 815 678 544 2038 2071 1912
1268 1049 933 864 789 732 466 235 961 836 642 779 1132 851 1349 961 1154 725 946 446 1012 1274 1409 1101 458 1049 0 232 1743 2176 2598 2664 2837 2595 2387 1686 2124 2350 2859 1775 1544 1019 1028 986 774 1038 1076 606 525 180 659 2408 2902 1695 182 310 1033 395 715 534 1588 2870 1470 1281
1449 1235 1128 1047 976 921 687 454 1088 907 662 908 1141 845 1297 822 1034 781 1036 575 780 1042 1178 880 268 838 232 0 1533 1961 2386 2460 2657 2418 2193 1513 1956 2235 2728 1693 1441 935 1010 989 878 1168 1216 817 678 316 446 2261 2788 1540 414 541 880 438 523 310 1382 2736 1634 1448
2537 2393 2344 2234 2196 2161 2092 1899 2043 1749 1534 1948 1579 1461 1315 947 941 2185 2459 2085 868 825 904 1133 1285 694 1743 1533 0 439 854 931 1219 1018 707 463 705 1326 1599 1252 1028 1141 1428 1516 1848 2101 2175 2163 1891 1847 1087 1097 1765 642 1908 2047 848 1587 1421 1345 164 1589 2602 2465
2962 2825 2779 2669 2633 2599 2532 2337 2468 2175 1969 2380 1978 1885 1681 1379 1349 2578 2850 2502 1251 1134 1156 1454 1719 1126 2176 1961 439 0 431 549 962 831 470 767 750 1413 1533 1524 1353 1556 1836 1929 2278 2523 2597 2603 2330 2273 1517 1088 1738 926 2343 2481 1281 2027 1798 1753 603 1514 3016 2886
3318 3195 3158 3047 3016 2986 2939 2751 2825 2536 2351 2752 2302 2246 1975 1762 1699 3010 3282 2932 1683 1557 1564 1876 2139 1549 2598 2386 854 431 0 184 699 681 418 1071 866 1456 1415 1732 1619 1910 2176 2273 2648 2874 2949 3002 2723 2699 1940 1080 1645 1194 2762 2901 1664 2429 2229 2184 1011 1388 3351 3234
3317 3205 3176 3065 3038 3012 2984 2805 2828 2543 2375 2766 2287 2255 1945 1791 1706 3111 3385 3016 1786 1683 1704 2003 2206 1621 2664 2460 931 549 184 0 516 523 342 1068 792 1332 1248 1665 1581 1917 2171 2270 2660 2872 2946 3039 2755 2776 2013 948 1480 1169 2823 2962 1696 2471 2337 2275 1077 1220 3336 3228
3290 3211 3203 3094 3081 3063 3092 2942 2820 2557 2439 2792 2245 2283 1878 1896 1755 3371 3645 3231 2080 2037 2091 2350 2391 1847 2837 2657 1219 962 699 516 0 248 518 1152 731 1009 774 1503 1513 1955 2164 2263 2685 2852 2923 3122 2830 2972 2221 644 1011 1177 2977 3116 1812 2581 2631 2524 1325 742 3269 3187
3046 2964 2955 2846 2833 2815 2844 2696 2574 2309 2190 2544 2001 2034 1635 1650 1507 3141 3414 2993 1865 1843 1911 2150 2151 1617 2595 2418 1018 831 681 523 248 0 361 908 483 835 737 1275 1269 1706 1917 2016 2437 2607 2678 2873 2582 2732 1986 451 963 928 2733 2871 1567 2334 2411 2295 1109 711 3030 2945
2982 2876 2851 2740 2717 2693 2682 2513 2495 2214 2057 2440 1948 1928 1603 1482 1380 2881 3155 2760 1574 1520 1573 1834 1931 1363 2387 2193 707 470 418 342 518 361 0 743 454 1044 1076 1326 1239 1590 1837 1936 2334 2538 2612 2729 2442 2509 1749 678 1291 830 2538 2677 1389 2167 2127 2036 826 1054 2997 2891
2250 2136 2109 1998 1974 1950 1949 1791 1759 1474 1314 1698 1231 1187 917 748 638 2253 2524 2088 1049 1125 1250 1386 1245 747 1686 1513 463 767 1071 1068 1152 908 743 0 444 922 1295 791 587 849 1106 1203 1592 1806 1880 1989 1701 1825 1089 791 1420 179 1825 1963 660 1435 1562 1414 397 1294 2280 2164
2579 2489 2476 2367 2352 2333 2362 2217 2101 1831 1707 2065 1535 1554 1177 1171 1024 2697 2968 2531 1468 1500 1600 1786 1688 1184 2124 1956 705 750 866 792 731 483 454 444 0 664 897 872 808 1224 1441 1541 1958 2137 2209 2390 2099 2266 1534 392 1059 445 2257 2394 1091 1852 1997 1856 737 890 2576 2481
2452 2420 2443 2343 2350 2348 2466 2378 2031 1818 1796 2055 1452 1596 1091 1415 1201 3014 3271 2791 1944 2046 2172 2295 1977 1614 2350 2235 1326 1413 1456 1332 1009 835 1044 922 664 0 540 634 807 1335 1434 1523 1954 2043 2106 2451 2169 2517 1880 385 552 785 2442 2568 1371 2003 2413 2223 1309 561 2384 2337
2986 2959 2983 2883 2890 2887 2999 2901 2571 2358 2327 2595 1992 2130 1631 1906 1704 3500 3763 3294 2344 2396 2497 2675 2464 2037 2859 2728 1599 1533 1415 1248 774 737 1076 1295 897 540 0 1175 1331 1856 1971 2062 2494 2581 2644 2988 2704 3021 2345 508 237 1207 2961 3090 1850 2526 2852 2683 1633 36 2909 2869
1828 1787 1808 1708 1716 1714 1846 1776 1398 1185 1184 1421 817 976 461 912 688 2472 2717 2222 1582 1760 1917 1944 1455 1241 1775 1693 1252 1524 1732 1665 1503 1275 1326 791 872 634 1175 0 288 759 807 893 1321 1411 1476 1823 1545 1950 1404 875 1158 613 1849 1967 903 1407 1963 1741 1158 1196 1779 1716
1777 1702 1702 1596 1591 1581 1669 1571 1310 1058 996 1297 732 806 368 637 413 2222 2473 1987 1294 1476 1635 1656 1192 953 1544 1441 1028 1353 1619 1581 1513 1269 1239 587 808 807 1331 288 0 527 662 760 1191 1339 1410 1667 1379 1713 1126 939 1358 429 1635 1760 619 1196 1682 1466 914 1346 1767 1676
1408 1287 1261 1150 1130 1109 1155 1045 915 626 487 850 457 337 385 263 211 1713 1957 1465 1003 1254 1428 1341 708 710 1019 935 1141 1556 1910 1917 1955 1706 1590 849 1224 1335 1856 759 527 0 291 375 743 967 1041 1169 878 1192 703 1438 1885 779 1107 1234 333 669 1257 1016 983 1870 1461 1329
1145 1047 1041 934 929 920 1040 986 660 395 394 634 174 179 347 539 487 1752 1973 1470 1250 1516 1691 1568 839 983 1028 1010 1428 1836 2176 2171 2164 1917 1837 1106 1441 1434 1971 807 662 291 0 99 529 701 775 1017 738 1208 898 1601 1966 1009 1069 1177 621 636 1419 1166 1271 1990 1179 1057
1047 947 942 835 833 826 961 924 560 298 343 537 152 145 432 608 579 1711 1925 1421 1294 1566 1741 1600 842 1044 986 989 1516 1929 2273 2270 2263 2016 1936 1203 1541 1523 2062 893 760 375 99 0 433 602 677 930 656 1166 923 1699 2051 1108 1011 1112 695 591 1424 1170 1358 2081 1087 961
696 547 518 408 399 393 578 623 225 136 328 107 513 406 862 901 954 1466 1639 1149 1432 1720 1888 1671 854 1268 774 878 1848 2278 2648 2660 2685 2437 2334 1592 1958 1954 2494 1321 1191 743 529 433 0 303 366 514 287 936 1015 2131 2476 1517 725 787 999 447 1390 1146 1684 2513 813 645
444 378 425 353 402 436 734 852 80 357 622 261 607 639 978 1162 1176 1689 1833 1366 1733 2021 2189 1975 1158 1555 1038 1168 2101 2523 2874 2872 2852 2607 2538 1806 2137 2043 2581 1411 1339 967 701 602 303 0 74 615 515 1185 1318 2264 2535 1709 955 984 1258 746 1686 1445 1940 2604 516 364
370 321 386 330 390 432 743 879 141 430 689 308 678 713 1048 1236 1251 1709 1842 1385 1798 2086 2254 2034 1217 1625 1076 1216 2175 2597 2949 2946 2923 2678 2612 1880 2209 2106 2644 1476 1410 1041 775 677 366 74 0 615 550 1216 1381 2333 2594 1783 981 1000 1332 801 1736 1498 2014 2667 447 290
690 468 343 308 232 183 152 370 561 646 683 434 1026 860 1362 1247 1366 1118 1230 797 1558 1838 1985 1697 948 1503 606 817 2163 2603 3002 3039 3122 2873 2729 1989 2390 2451 2988 1823 1667 1169 1017 930 514 615 615 0 291 688 1154 2601 2982 1944 449 415 1342 575 1321 1128 1999 3006 916 732
776 570 481 384 323 278 305 342 439 397 391 259 768 574 1085 963 1075 1186 1353 866 1346 1633 1790 1533 735 1250 525 678 1891 2330 2723 2755 2830 2582 2442 1701 2099 2169 2704 1545 1379 878 738 656 287 515 550 291 0 670 929 2311 2704 1653 445 500 1059 321 1201 975 1727 2721 956 770
1373 1151 1029 974 897 839 537 338 1109 1007 822 929 1311 1031 1528 1116 1317 546 768 273 1066 1307 1425 1095 581 1154 180 316 1847 2273 2699 2776 2972 2732 2509 1825 2266 2517 3021 1950 1713 1192 1208 1166 936 1185 1216 688 670 0 762 2562 3069 1845 241 302 1182 574 677 555 1698 3031 1588 1400
1686 1495 1410 1311 1253 1206 1053 838 1241 982 701 1086 1065 788 1088 492 716 1164 1434 1011 420 708 873 678 209 392 659 446 1087 1517 1940 2013 2221 1986 1749 1089 1534 1880 2345 1404 1126 703 898 923 1015 1318 1381 1154 929 762 0 1860 2427 1140 831 967 512 610 560 343 935 2350 1828 1654
2693 2634 2640 2534 2531 2520 2593 2473 2241 1997 1922 2236 1658 1742 1286 1447 1262 3022 3290 2833 1838 1887 1991 2167 1994 1537 2408 2261 1097 1088 1080 948 644 451 678 791 392 385 508 875 939 1438 1601 1699 2131 2264 2333 2601 2311 2562 1860 0 669 721 2524 2657 1380 2099 2353 2194 1124 504 2654 2585
2922 2913 2948 2852 2866 2868 3004 2924 2533 2340 2339 2574 1966 2134 1619 1967 1754 3567 3824 3343 2465 2539 2651 2807 2529 2144 2902 2788 1765 1738 1645 1480 1011 963 1291 1420 1059 552 237 1158 1358 1885 1966 2051 2476 2535 2594 2982 2704 3069 2427 669 0 1308 2992 3115 1920 2551 2952 2769 1781 270 2827 2802
2153 2053 2036 1926 1909 1889 1918 1777 1669 1393 1262 1624 1117 1112 780 735 578 2301 2568 2114 1159 1266 1401 1509 1273 836 1695 1540 642 926 1194 1169 1177 928 830 179 445 785 1207 613 429 779 1009 1108 1517 1709 1783 1944 1653 1845 1140 721 1308 0 1821 1957 662 1410 1647 1476 568 1211 2167 2061
1132 910 789 732 655 597 300 103 881 812 675 705 1148 889 1406 1086 1262 741 922 424 1194 1457 1590 1280 624 1216 182 414 1908 2343 2762 2823 2977 2733 2538 1825 2257 2442 2961 1849 1635 1107 1069 1011 725 955 981 449 445 241 831 2524 2992 1821 0 139 1166 442 883 715 1750 2974 1346 1159
1104 883 757 719 642 587 265 191 916 889 785 749 1242 998 1518 1222 1395 709 854 385 1321 1579 1707 1387 762 1354 310 541 2047 2481 2901 2962 3116 2871 2677 1963 2394 2568 3090 1967 1760 1234 1177 1112 787 984 1000 415 500 302 967 2657 3115 1957 139 0 1303 564 976 830 1890 3103 1331 1146
1689 1544 1498 1387 1353 1322 1292 1130 1197 903 688 1099 791 619 660 98 226 1650 1913 1452 707 937 1109 1062 614 387 1033 880 848 1281 1664 1696 1812 1567 1389 660 1091 1371 1850 903 619 333 621 695 999 1258 1332 1342 1059 1182 512 1380 1920 662 1166 1303 0 777 1064 855 685 1857 1766 1622
1080 885 801 701 644 599 515 375 666 469 247 494 737 458 966 687 838 1120 1337 833 1028 1316 1477 1235 423 932 395 438 1587 2027 2429 2471 2581 2334 2167 1435 1852 2003 2526 1407 1196 669 636 591 447 746 801 575 321 574 610 2099 2551 1410 442 564 777 0 943 699 1424 2539 1238 1057
1971 1755 1645 1568 1495 1439 1180 951 1606 1402 1134 1428 1575 1280 1642 1052 1275 787 1055 796 553 702 783 433 582 815 715 523 1421 1798 2229 2337 2631 2411 2127 1562 1997 2413 2852 1963 1682 1257 1419 1424 1390 1686 1736 1321 1201 677 560 2353 2952 1647 883 976 1064 943 0 254 1305 2853 2158 1972
1751 1540 1436 1352 1282 1228 996 763 1365 1151 881 1190 1321 1026 1401 830 1054 847 1120 752 516 752 877 569 327 678 534 310 1345 1753 2184 2275 2524 2295 2036 1414 1856 2223 2683 1741 1466 1016 1166 1170 1146 1445 1498 1128 975 555 343 2194 2769 1476 715 830 855 699 254 0 1209 2688 1928 1744
2374 2229 2179 2069 2031 1997 1930 1739 1881 1586 1370 1784 1426 1300 1178 783 787 2054 2328 1941 756 763 870 1053 1130 544 1588 1382 164 603 1011 1077 1325 1109 826 397 737 1309 1633 1158 914 983 1271 1358 1684 1940 2014 1999 1727 1698 935 1124 1781 568 1750 1890 685 1424 1305 1209 0 1626 2443 2304
3010 2981 3004 2904 2910 2907 3015 2915 2593 2377 2343 2615 2013 2147 1651 1915 1715 3507 3771 3303 2343 2390 2489 2672 2472 2038 2870 2736 1589 1514 1388 1220 742 711 1054 1294 890 561 36 1196 1346 1870 1990 2081 2513 2604 2667 3006 2721 3031 2350 504 270 1211 2974 3103 1857 2539 2853 2688 1626 0 2935 2894
245 452 580 614 692 749 1066 1251 588 873 1137 744 1049 1147 1398 1672 1666 2032 2121 1713 2245 2534 2701 2473 1658 2071 1470 1634 2602 3016 3351 3336 3269 3030 2997 2280 2576 2384 2909 1779 1767 1461 1179 1087 813 516 447 916 956 1588 1828 2654 2827 2167 1346 1331 1766 1238 2158 1928 2443 2935 0 188
124 276 402 427 505 562 881 1063 427 720 973 567 946 1004 1309 1526 1538 1850 1947 1529 2073 2362 2527 2293 1480 1912 1281 1448 2465 2886 3234 3228 3187 2945 2891 2164 2481 2337 2869 1716 1676 1329 1057 961 645 364 290 732 770 1400 1654 2585 2802 2061 1159 1146 1622 1057 1972 1744 2304 2894 188 0
